0	0
0.00020833	0.14286
0.00041667	0
0.000625	0
0.00083333	0.14286
0.0010417	0
0.00125	0.14286
0.0014583	0.14286
0.0016667	0
0.001875	0.28571
0.0020833	0.14286
0.0022917	0
0.0025	0.14286
0.0027083	0.14286
0.0029167	0
0.003125	0.28571
0.0033333	0
0.0035417	0
0.00375	0.28571
0.0039583	0.42857
0.0041667	0.14286
0.004375	0.14286
0.0045833	0.28571
0.0047917	0.28571
0.005	0.14286
0.0052083	0.14286
0.0054167	0.14286
0.005625	0.42857
0.0058333	0.28571
0.0060417	0.28571
0.00625	0.14286
0.0064583	0.28571
0.0066667	0.28571
0.006875	0.28571
0.0070833	0.28571
0.0072917	0.28571
0.0075	0.28571
0.0077083	0.28571
0.0079167	0.42857
0.008125	0.28571
0.0083333	0.28571
0.0085417	0.42857
0.00875	0.42857
0.0089583	0.28571
0.0091667	0.28571
0.009375	0.42857
0.0095833	0.42857
0.0097917	0.28571
0.01	0.28571
0.010208	0.28571
0.010417	0.42857
0.010625	0.42857
0.010833	0.42857
0.011042	0.42857
0.01125	0.28571
0.011458	0.28571
0.011667	0.57143
0.011875	0.57143
0.012083	0.57143
0.012292	0.71429
0.0125	0.42857
0.012708	0.57143
0.012917	0.57143
0.013125	0.42857
0.013333	0.42857
0.013542	0.42857
0.01375	0.42857
0.013958	0.42857
0.014167	0.71429
0.014375	0.57143
0.014583	0.42857
0.014792	0.71429
0.015	0.57143
0.015208	0.71429
0.015417	0.85714
0.015625	0.85714
0.015833	0.57143
0.016042	0.85714
0.01625	0.57143
0.016667	0.85714
0.016667	0.57143
0.016875	0.71429
0.017083	0.85714
0.017292	0.71429
0.0175	0.85714
0.017708	0.85714
0.017917	0.57143
0.018125	0.85714
0.018333	0.85714
0.018542	0.85714
0.01875	0.71429
0.018958	0.85714
0.019167	0.85714
0.019375	0.85714
0.019583	0.85714
0.019792	0.85714
0.02	0.85714
0.020208	0.85714
0.020417	0.85714
0.020625	0.85714
0.020833	0.85714
0.021042	0.85714
0.021458	0.85714
0.021458	0.85714
0.021875	1
0.021875	0.85714
0.022083	0.85714
0.022292	1
0.0225	0.85714
0.022708	0.85714
0.022917	1.1429
0.023125	0.85714
0.023333	1
0.02375	0.85714
0.02375	0.85714
0.024167	0.85714
0.024167	0.85714
0.024583	0.85714
0.024792	0.85714
0.025	1.2857
0.025208	0.85714
0.025417	0.85714
0.025625	0.85714
0.025833	0.85714
0.026042	0.85714
0.02625	0.85714
0.026458	0.85714
0.026667	1
0.026875	1.1429
0.027083	1
0.027292	1.1429
0.0275	0.85714
0.027708	1
0.027917	1
0.028125	0.85714
0.028333	1
0.028542	1
0.02875	1.1429
0.028958	0.85714
0.029167	1.2857
0.029375	1.2857
0.029583	1.2857
0.029792	1
0.03	1.2857
0.030208	1.2857
0.030417	1
0.030625	1
0.030833	1.1429
0.031042	1.1429
0.03125	1.1429
0.031458	1.1429
0.031667	1
0.031875	1.2857
0.032083	1
0.032292	1.2857
0.0325	1.1429
0.032708	1.1429
0.032917	1.2857
0.033125	1.2857
0.033333	1.1429
0.033542	1.4286
0.03375	1.1429
0.033958	1.2857
0.034167	1.2857
0.034375	1.1429
0.034583	1.2857
0.034792	1.2857
0.035	1.2857
0.035208	1.2857
0.035417	1.2857
0.035625	1.2857
0.035833	1.2857
0.03625	1.2857
0.03625	1.4286
0.036667	1.5714
0.036667	1.2857
0.037083	1.5714
0.037083	1.2857
0.0375	1.4286
0.0375	1.2857
0.037708	1.2857
0.037917	1.4286
0.038125	1.2857
0.038333	1.7143
0.038542	1.4286
0.03875	1.2857
0.038958	1.5714
0.039167	1.4286
0.039375	1.5714
0.039583	1.5714
0.039792	1.5714
0.04	1.4286
0.040208	1.5714
0.040625	1.7143
0.040625	1.5714
0.041042	1.8571
0.041042	1.4286
0.041458	1.7143
0.041458	1.5714
0.041875	1.5714
0.041875	1.5714
0.042292	1.2857
0.042292	1.7143
0.042708	1.5714
0.042708	1.4286
0.043125	1.5714
0.043125	1.7143
0.043333	1.7143
0.043542	1.5714
0.04375	1.7143
0.043958	1.7143
0.044167	1.7143
0.044583	1.4286
0.044792	1.7143
0.045	1.5714
0.045	1.5714
0.045417	1.5714
0.045625	1.8571
0.045833	1.7143
0.046042	1.7143
0.04625	1.7143
0.046458	1.5714
0.046667	1.5714
0.046875	1.7143
0.047083	1.7143
0.047292	1.7143
0.0475	1.7143
0.047708	1.7143
0.047917	1.7143
0.048125	1.7143
0.048333	1.8571
0.048542	1.7143
0.04875	1.7143
0.048958	1.7143
0.049167	1.8571
0.049375	1.7143
0.049375	1.7143
0.049792	1.7143
0.05	1.7143
0.050208	1.7143
0.050417	1.8571
0.050625	1.8571
0.050833	1.8571
0.051042	1.8571
0.05125	1.7143
0.051458	1.8571
0.051667	1.8571
0.051875	2.1429
0.052083	1.8571
0.052292	1.8571
0.0525	1.8571
0.052708	1.8571
0.052917	1.8571
0.053125	2
0.053333	1.8571
0.053542	2
0.05375	2
0.053958	1.8571
0.054167	2
0.054375	1.8571
0.054583	2.1429
0.054792	2
0.055	1.8571
0.055417	2
0.055417	2.1429
0.055833	2
0.055833	2
0.05625	2
0.05625	2
0.056667	1.8571
0.056667	2
0.057083	2.1429
0.057083	2.1429
0.0575	2.1429
0.0575	2
0.057917	2.1429
0.057917	2
0.058333	1.8571
0.058333	2
0.05875	2
0.05875	2
0.058958	2
0.059167	2.1429
0.059375	2.1429
0.059583	2.1429
0.059792	2
0.060208	2.1429
0.060208	2.1429
0.060625	2.1429
0.060625	2
0.061042	2.1429
0.061042	2.1429
0.061458	2.1429
0.061458	2.1429
0.061875	2.1429
0.061875	2.1429
0.062292	2.2857
0.062292	2.1429
0.062708	2.2857
0.062708	2.1429
0.063125	2.1429
0.063125	2.1429
0.063542	2.1429
0.063542	2.2857
0.063958	2.2857
0.063958	2.1429
0.064167	2.1429
0.064375	2.2857
0.064583	2.2857
0.065	2.2857
0.065	2.2857
0.065417	2.2857
0.065625	2.2857
0.065833	2.2857
0.066042	2.2857
0.06625	2.2857
0.066458	2.4286
0.066667	2.2857
0.066875	2.2857
0.067083	2.2857
0.067292	2.4286
0.0675	2.4286
0.067708	2.2857
0.067917	2.5714
0.068125	2.2857
0.068333	2.7143
0.068542	2.4286
0.06875	2.5714
0.068958	2.2857
0.069167	2.5714
0.069375	2.4286
0.069583	2.2857
0.069792	2.2857
0.07	2.5714
0.070208	2.5714
0.070417	2.5714
0.070625	2.4286
0.070833	2.4286
0.071042	2.5714
0.07125	2.4286
0.071458	2.4286
0.071667	2.5714
0.071875	2.4286
0.072083	2.5714
0.072292	2.5714
0.0725	2.5714
0.072708	2.7143
0.072917	2.5714
0.073125	2.7143
0.073333	2.4286
0.073542	2.5714
0.07375	2.7143
0.073958	2.8571
0.074167	2.5714
0.074375	2.5714
0.074583	2.5714
0.074792	2.5714
0.075	2.5714
0.075208	2.4286
0.075417	2.7143
0.075625	2.7143
0.075833	2.5714
0.076042	2.7143
0.07625	2.5714
0.076458	2.7143
0.076667	2.5714
0.076875	2.5714
0.077083	2.5714
0.077292	2.5714
0.0775	2.7143
0.077708	2.8571
0.077917	2.7143
0.078125	2.7143
0.078333	2.7143
0.078542	2.7143
0.07875	2.7143
0.078958	2.8571
0.079167	2.8571
0.079375	2.8571
0.079583	2.8571
0.079792	2.8571
0.08	2.8571
0.080208	2.8571
0.080625	2.7143
0.080625	2.7143
0.081042	2.7143
0.081042	2.8571
0.081458	2.8571
0.081458	2.8571
0.081875	2.7143
0.081875	2.8571
0.082292	2.7143
0.082292	2.8571
0.082708	2.7143
0.082708	2.8571
0.083125	2.8571
0.083125	2.8571
0.083542	2.8571
0.083542	2.8571
0.083958	2.8571
0.083958	2.8571
0.084375	2.8571
0.084583	2.8571
0.084792	2.8571
0.085	2.8571
0.085208	2.8571
0.085417	2.8571
0.085417	2.8571
0.085833	2.8571
0.085833	2.8571
0.08625	2.8571
0.086458	2.8571
0.086667	2.8571
0.086875	2.8571
0.087083	2.8571
0.087292	2.8571
0.0875	2.8571
0.087708	2.8571
0.087917	3
0.088125	2.8571
0.088333	2.8571
0.088542	2.8571
0.08875	3
0.088958	2.8571
0.089167	2.8571
0.089375	3
0.089583	2.8571
0.089792	2.8571
0.09	2.8571
0.090208	3
0.090417	3
0.090625	3
0.090833	3
0.091042	3
0.09125	3
0.091458	3.1429
0.091667	3
0.091875	3
0.092083	3
0.092292	3.1429
0.0925	3.1429
0.092708	3
0.092917	2.8571
0.093125	3.1429
0.093333	3
0.093542	3.1429
0.09375	3
0.093958	3
0.094167	3.1429
0.094375	2.8571
0.094583	3
0.094792	2.8571
0.095	3
0.095208	3.1429
0.095417	3.1429
0.095625	3.1429
0.095833	3.2857
0.096042	3.1429
0.09625	3.1429
0.096458	3
0.096667	3.1429
0.096875	3.1429
0.097083	3.1429
0.097292	3.1429
0.0975	3.2857
0.097708	3.1429
0.097917	3.1429
0.098125	3.1429
0.098333	3.2857
0.098542	3.1429
0.09875	3
0.098958	3.2857
0.099167	3.4286
0.099375	3.1429
0.099583	3.1429
0.099792	3.1429
0.1	3.1429
0.10021	3.1429
0.10042	3.2857
0.10063	3.2857
0.10083	3.2857
0.10104	3.1429
0.10125	3.4286
0.10146	3.2857
0.10167	3.4286
0.10187	3.1429
0.10208	3.2857
0.10229	3.2857
0.1025	3.4286
0.10271	3.2857
0.10292	3.2857
0.10313	3.4286
0.10333	3.2857
0.10354	3.2857
0.10375	3.2857
0.10375	3.2857
0.10396	3.4286
0.10417	3.4286
0.10437	3.2857
0.10458	3.4286
0.10479	3.2857
0.105	3.4286
0.10521	3.4286
0.10542	3.2857
0.10563	3.5714
0.10583	3.2857
0.10604	3.4286
0.10625	3.4286
0.10646	3.4286
0.10667	3.4286
0.10687	3.4286
0.10729	3.4286
0.1075	3.5714
0.10771	3.5714
0.10792	3.4286
0.10813	3.2857
0.10833	3.5714
0.10854	3.5714
0.10875	3.5714
0.10896	3.7143
0.10917	3.5714
0.10938	3.7143
0.10958	3.5714
0.10979	3.4286
0.11	3.4286
0.11021	3.4286
0.11042	3.7143
0.11062	3.5714
0.11083	3.5714
0.11104	3.7143
0.11125	3.7143
0.11146	3.5714
0.11167	3.5714
0.11188	3.7143
0.11208	3.7143
0.11229	3.5714
0.1125	3.7143
0.11271	3.7143
0.11292	3.5714
0.11312	3.7143
0.11333	3.7143
0.11354	3.7143
0.11375	3.5714
0.11396	3.7143
0.11417	3.7143
0.11438	3.8571
0.11458	3.5714
0.11479	3.7143
0.115	3.7143
0.11521	3.5714
0.11542	3.5714
0.11562	3.7143
0.11583	3.7143
0.11604	3.8571
0.11625	3.7143
0.11646	3.7143
0.11667	3.7143
0.11688	3.8571
0.11708	3.5714
0.11729	3.8571
0.1175	3.7143
0.11771	3.7143
0.11792	3.7143
0.11812	3.7143
0.11833	3.7143
0.11854	3.8571
0.11875	3.7143
0.11896	4.1429
0.11917	3.7143
0.11938	3.7143
0.11958	3.8571
0.11979	3.8571
0.12	3.7143
0.12021	3.8571
0.12042	3.7143
0.12062	3.7143
0.12083	3.7143
0.12104	3.7143
0.12125	3.7143
0.12146	4
0.12167	3.7143
0.12187	4
0.12208	4
0.12229	3.8571
0.1225	3.8571
0.12271	3.7143
0.12292	4
0.12312	4
0.12333	4
0.12354	3.8571
0.12375	3.8571
0.12396	3.8571
0.12417	4
0.12437	4
0.12458	4
0.12479	4
0.125	4
0.12521	3.8571
0.12542	4
0.12563	4
0.12583	4.1429
0.12604	4.1429
0.12625	4
0.12646	4
0.12667	4
0.12687	4.1429
0.12708	4.1429
0.12729	4
0.1275	4
0.12771	4
0.12792	4
0.12813	4.1429
0.12854	4.1429
0.12854	4
0.12896	4
0.12896	4.1429
0.12937	4.1429
0.12937	4.1429
0.12979	4.2857
0.12979	4.1429
0.13021	4.1429
0.13021	4.1429
0.13062	4.1429
0.13062	4
0.13104	4.1429
0.13104	4.1429
0.13146	4.1429
0.13146	4
0.13187	4.1429
0.13187	4.2857
0.13229	4.1429
0.13229	4.2857
0.13271	4
0.13292	4.1429
0.13292	4.1429
0.13333	4.2857
0.13333	4.2857
0.13375	4.2857
0.13396	4.1429
0.13417	4.2857
0.13437	4.2857
0.13458	4.2857
0.13479	4.2857
0.135	4.1429
0.13521	4.5714
0.13542	4.1429
0.13562	4.5714
0.13583	4.4286
0.13604	4.4286
0.13625	4.1429
0.13646	4.2857
0.13667	4.4286
0.13687	4.1429
0.13708	4.2857
0.13729	4.4286
0.1375	4.4286
0.13771	4.2857
0.13792	4.4286
0.13812	4.2857
0.13833	4.2857
0.13854	4.4286
0.13875	4.2857
0.13896	4.5714
0.13917	4.4286
0.13937	4.2857
0.13958	4.4286
0.13979	4.4286
0.14	4.4286
0.14021	4.4286
0.14042	4.4286
0.14062	4.4286
0.14083	4.1429
0.14104	4.4286
0.14125	4.4286
0.14146	4.5714
0.14167	4.4286
0.14188	4.4286
0.14208	4.5714
0.14229	4.4286
0.1425	4.5714
0.14271	4.5714
0.14292	4.4286
0.14313	4.4286
0.14333	4.5714
0.14354	4.5714
0.14375	4.5714
0.14396	4.5714
0.14417	4.5714
0.14438	4.4286
0.14458	4.5714
0.14479	4.5714
0.145	4.4286
0.14521	4.5714
0.14542	4.5714
0.14563	4.4286
0.14583	4.4286
0.14604	4.5714
0.14625	4.5714
0.14646	4.5714
0.14667	4.5714
0.14688	4.5714
0.14708	4.5714
0.14729	4.5714
0.1475	4.5714
0.14771	4.5714
0.14792	4.5714
0.14833	4.5714
0.14833	4.5714
0.14875	4.5714
0.14875	4.4286
0.14896	4.5714
0.14938	4.5714
0.14938	4.7143
0.14979	4.8571
0.14979	4.5714
0.15021	4.5714
0.15021	4.7143
0.15063	4.7143
0.15063	4.7143
0.15104	4.5714
0.15125	4.7143
0.15146	4.5714
0.15146	4.8571
0.15188	4.7143
0.15188	4.5714
0.15229	4.8571
0.1525	4.5714
0.15271	4.7143
0.15292	4.8571
0.15312	4.7143
0.15333	4.5714
0.15354	4.8571
0.15375	4.7143
0.15396	4.7143
0.15417	4.7143
0.15417	4.7143
0.15458	5
0.15458	4.7143
0.155	4.7143
0.155	4.8571
0.15542	5
0.15542	4.8571
0.15583	4.7143
0.15583	4.7143
0.15625	4.7143
0.15625	4.7143
0.15667	4.7143
0.15667	4.8571
0.15708	4.7143
0.15729	4.8571
0.1575	4.8571
0.15771	4.7143
0.15792	5
0.15812	4.8571
0.15833	5
0.15854	4.7143
0.15875	4.8571
0.15896	4.8571
0.15917	5
0.15938	4.8571
0.15958	4.8571
0.15979	4.8571
0.16	5
0.16021	5
0.16042	5
0.16062	4.8571
0.16083	5
0.16104	5
0.16125	5
0.16146	4.7143
0.16167	5
0.16187	5
0.16208	4.8571
0.16229	5
0.16271	5
0.16271	4.8571
0.16312	5
0.16312	5
0.16354	5
0.16354	5
0.16396	5
0.16396	4.8571
0.16437	5
0.16437	5
0.16458	5
0.16479	5
0.165	5
0.16521	5
0.16542	5
0.16562	5
0.16583	5
0.16604	5
0.16625	5
0.16646	5
0.16667	5
0.16687	5
0.16708	4.8571
0.1675	5
0.1675	5.1429
0.16792	5.1429
0.16792	5
0.16833	5.2857
0.16833	5.2857
0.16875	5.1429
0.16875	5
0.16917	5.1429
0.16917	5
0.16958	5
0.16958	5
0.17	5.1429
0.17021	5.1429
0.17042	5.1429
0.17062	5.1429
0.17083	5.2857
0.17104	5
0.17125	5
0.17146	5.1429
0.17146	5.1429
0.17188	5
0.17208	5.1429
0.17229	5.4286
0.1725	5.4286
0.17271	5.1429
0.17292	5.2857
0.17313	5.1429
0.17333	5.2857
0.17354	5.2857
0.17375	5.1429
0.17396	5.2857
0.17417	5.2857
0.17437	5.2857
0.17458	5.2857
0.17479	5.2857
0.175	5.1429
0.17521	5.2857
0.17542	5.4286
0.17542	5.4286
0.17583	5.2857
0.17583	5.4286
0.17625	5.2857
0.17646	5.2857
0.17667	5.2857
0.17688	5.4286
0.17708	5.4286
0.17729	5.4286
0.1775	5.4286
0.17771	5.4286
0.17792	5.5714
0.17813	5.5714
0.17833	5.4286
0.17854	5.4286
0.17875	5.4286
0.17896	5.4286
0.17917	5.2857
0.17937	5.4286
0.17958	5.5714
0.17979	5.2857
0.18	5.4286
0.18021	5.4286
0.18042	5.4286
0.18063	5.4286
0.18083	5.5714
0.18104	5.4286
0.18125	5.5714
0.18146	5.4286
0.18167	5.5714
0.18188	5.4286
0.18208	5.5714
0.18229	5.7143
0.1825	5.5714
0.18271	5.5714
0.18292	5.5714
0.18312	5.5714
0.18333	5.5714
0.18354	5.4286
0.18375	5.5714
0.18396	5.5714
0.18417	5.5714
0.18437	5.5714
0.18458	5.4286
0.18479	5.5714
0.185	5.5714
0.18521	5.5714
0.18542	5.5714
0.18563	5.4286
0.18583	5.5714
0.18604	5.7143
0.18625	5.5714
0.18646	5.7143
0.18667	5.5714
0.18688	5.5714
0.18708	5.7143
0.1875	5.7143
0.1875	5.5714
0.18792	5.5714
0.18792	5.5714
0.18833	5.7143
0.18833	5.8571
0.18875	5.8571
0.18875	5.7143
0.18917	5.8571
0.18917	5.5714
0.18958	5.5714
0.18958	5.7143
0.19	5.7143
0.19	5.5714
0.19042	5.7143
0.19042	5.7143
0.19083	5.5714
0.19104	5.8571
0.19104	5.7143
0.19146	5.7143
0.19167	5.7143
0.19188	5.8571
0.19208	5.8571
0.19229	5.7143
0.1925	5.7143
0.19271	5.5714
0.19292	5.7143
0.19312	5.7143
0.19333	5.7143
0.19354	5.7143
0.19375	5.8571
0.19396	5.8571
0.19417	5.8571
0.19437	5.7143
0.19458	5.7143
0.19479	5.7143
0.195	5.5714
0.19521	5.8571
0.19542	5.8571
0.19563	5.8571
0.19583	5.8571
0.19604	5.8571
0.19625	5.7143
0.19646	5.8571
0.19667	5.8571
0.19687	5.8571
0.19708	6
0.19729	6
0.1975	5.8571
0.19771	5.8571
0.19792	6
0.19812	5.8571
0.19833	5.8571
0.19854	6
0.19875	6
0.19896	6
0.19917	5.8571
0.19937	5.8571
0.19958	5.8571
0.19979	5.8571
0.2	6
0.20021	5.8571
0.20042	6
0.20063	6
0.20083	6
0.20104	6
0.20125	6
0.20146	5.8571
0.20167	6
0.20187	6
0.20208	6
0.20229	6
0.2025	6
0.20271	5.8571
0.20292	5.8571
0.20312	6
0.20333	6
0.20354	5.8571
0.20375	6
0.20396	6.1429
0.20417	6
0.20438	5.8571
0.20458	5.8571
0.20479	6.1429
0.205	6
0.20521	6
0.20542	6
0.20562	6
0.20583	6.1429
0.20604	6.1429
0.20625	6
0.20646	6
0.20667	6
0.20688	6
0.20708	6
0.20729	6.1429
0.2075	6
0.20771	6.2857
0.20792	6
0.20813	6.2857
0.20833	6.1429
0.20854	6.4286
0.20875	6.2857
0.20896	6
0.20917	6
0.20938	6.2857
0.20958	6.2857
0.20979	6.2857
0.21	6
0.21021	6.1429
0.21042	6.2857
0.21062	6.2857
0.21083	6
0.21104	6.4286
0.21125	6.2857
0.21146	6.1429
0.21167	6.2857
0.21208	6.4286
0.21208	6.1429
0.21229	6.2857
0.2125	6.2857
0.21271	6.4286
0.21292	6.2857
0.21313	6.2857
0.21333	6.2857
0.21354	6.2857
0.21375	6.2857
0.21396	6.2857
0.21437	6.2857
0.21458	6.2857
0.21479	6.2857
0.215	6.2857
0.21521	6.2857
0.21542	6.2857
0.21562	6.2857
0.21583	6.2857
0.21604	6.2857
0.21625	6.2857
0.21646	6.4286
0.21667	6.2857
0.21688	6.4286
0.21708	6.2857
0.21729	6.2857
0.2175	6.4286
0.21771	6.5714
0.21792	6.2857
0.21813	6.4286
0.21833	6.5714
0.21854	6.4286
0.21875	6.5714
0.21896	6.2857
0.21917	6.5714
0.21937	6.2857
0.21958	6.4286
0.21979	6.5714
0.22	6.5714
0.22021	6.5714
0.22042	6.5714
0.22062	6.4286
0.22083	6.5714
0.22104	6.4286
0.22125	6.4286
0.22146	6.4286
0.22167	6.5714
0.22188	6.5714
0.22208	6.4286
0.22229	6.7143
0.2225	6.7143
0.22271	6.5714
0.22292	6.5714
0.22313	6.5714
0.22333	6.5714
0.22354	6.5714
0.22375	6.5714
0.22396	6.5714
0.22417	6.5714
0.22437	6.5714
0.22458	6.5714
0.22479	6.7143
0.225	6.5714
0.22521	6.5714
0.22542	6.7143
0.22562	6.5714
0.22583	6.5714
0.22604	6.7143
0.22625	6.7143
0.22646	6.7143
0.22667	6.5714
0.22688	6.7143
0.22708	6.5714
0.22729	6.7143
0.2275	6.5714
0.22771	6.5714
0.22792	6.7143
0.22812	6.7143
0.22833	6.7143
0.22854	6.7143
0.22875	6.7143
0.22896	6.5714
0.22917	6.7143
0.22937	6.5714
0.22958	6.7143
0.22979	6.7143
0.23	6.5714
0.23021	6.5714
0.23042	6.7143
0.23062	6.7143
0.23083	6.8571
0.23104	6.7143
0.23125	6.8571
0.23146	6.7143
0.23167	6.7143
0.23188	6.7143
0.23208	6.8571
0.23229	6.7143
0.2325	6.7143
0.23271	6.7143
0.23292	6.7143
0.23333	6.7143
0.23333	6.7143
0.23354	6.7143
0.23375	6.7143
0.23396	6.8571
0.23417	6.8571
0.23438	6.7143
0.23458	6.7143
0.23479	6.7143
0.23521	6.8571
0.23521	6.7143
0.23563	6.8571
0.23563	6.8571
0.23583	6.8571
0.23604	6.8571
0.23625	6.7143
0.23646	7
0.23687	6.8571
0.23687	6.7143
0.23729	6.8571
0.23729	6.8571
0.23771	6.8571
0.23771	6.8571
0.23813	7
0.23813	6.8571
0.23854	6.8571
0.23854	7
0.23875	6.7143
0.23896	6.8571
0.23917	6.8571
0.23938	6.7143
0.23958	6.8571
0.23979	7
0.24	7
0.24021	6.7143
0.24042	6.8571
0.24063	7
0.24104	7
0.24125	7
0.24146	6.8571
0.24167	7
0.24187	7.1429
0.24208	7
0.24229	7
0.2425	7
0.24271	7
0.24292	6.7143
0.24313	6.8571
0.24333	7
0.24354	7
0.24375	7
0.24396	7
0.24417	6.7143
0.24438	7
0.24458	7
0.24479	7
0.245	7
0.24521	7
0.24542	6.8571
0.24562	6.8571
0.24583	7
0.24604	7
0.24625	7
0.24646	7.1429
0.24667	7
0.24687	7.1429
0.24708	6.8571
0.24729	7.1429
0.2475	7
0.24771	7
0.24792	7.1429
0.24813	6.8571
0.24833	7
0.24854	7.1429
0.24875	7.1429
0.24896	7.1429
0.24917	7.1429
0.24938	7.1429
0.24958	7.1429
0.24979	7
0.25	7
0.25021	7
0.25042	7.1429
0.25062	7.1429
0.25083	7
0.25104	7.1429
0.25125	7.1429
0.25146	7
0.25167	7.1429
0.25188	7
0.25208	7.1429
0.25229	7
0.2525	7.4286
0.25271	7.1429
0.25292	7.1429
0.25312	7.1429
0.25333	7.1429
0.25354	7.2857
0.25375	7.4286
0.25417	7.2857
0.25417	7.2857
0.25458	7.1429
0.25479	7.2857
0.25479	7.2857
0.25521	7.2857
0.25521	7.2857
0.25562	7.2857
0.25562	7.2857
0.25604	7.2857
0.25604	7.1429
0.25646	7.2857
0.25646	7.4286
0.25688	7.5714
0.25688	7.1429
0.25729	7.5714
0.25729	7.5714
0.25771	7.4286
0.25771	7.2857
0.25812	7.4286
0.25812	7.2857
0.25854	7.5714
0.25854	7.4286
0.25896	7.2857
0.25917	7.4286
0.25937	7.4286
0.25937	7.4286
0.25979	7.1429
0.25979	7.4286
0.26	7.2857
0.26042	7.4286
0.26042	7.2857
0.26083	7.5714
0.26083	7.5714
0.26125	7.5714
0.26125	7.4286
0.26167	7.5714
0.26167	7.4286
0.26208	7.5714
0.26208	7.5714
0.2625	7.5714
0.2625	7.5714
0.26292	7.4286
0.26292	7.5714
0.26333	7.4286
0.26333	7.5714
0.26375	7.2857
0.26375	7.4286
0.26417	7.5714
0.26437	7.5714
0.26458	7.4286
0.26479	7.2857
0.265	7.5714
0.26521	7.4286
0.26542	7.5714
0.26562	7.5714
0.26583	7.5714
0.26604	7.5714
0.26625	7.2857
0.26646	7.5714
0.26667	7.4286
0.26688	7.5714
0.26708	7.5714
0.26729	7.5714
0.2675	7.4286
0.26771	7.5714
0.26792	7.5714
0.26813	7.7143
0.26833	7.5714
0.26854	7.5714
0.26875	7.5714
0.26896	7.7143
0.26917	7.5714
0.26937	7.5714
0.26958	7.5714
0.26979	7.5714
0.27	7.5714
0.27021	7.5714
0.27042	7.8571
0.27063	7.5714
0.27083	7.5714
0.27104	7.7143
0.27125	7.7143
0.27146	7.5714
0.27167	7.5714
0.27188	7.7143
0.27208	7.5714
0.27229	7.5714
0.2725	7.7143
0.27271	7.7143
0.27292	7.7143
0.27313	7.5714
0.27333	7.7143
0.27354	7.8571
0.27375	7.5714
0.27396	7.7143
0.27417	7.7143
0.27437	7.7143
0.27458	7.5714
0.275	7.5714
0.27521	7.7143
0.27542	7.7143
0.27563	7.7143
0.27563	7.7143
0.27604	7.7143
0.27604	7.7143
0.27646	7.5714
0.27646	7.5714
0.27687	7.8571
0.27687	7.8571
0.27729	7.7143
0.27729	7.7143
0.27771	7.8571
0.27771	7.8571
0.27813	7.8571
0.27813	8
0.27854	7.7143
0.27875	8
0.27896	7.8571
0.27917	7.8571
0.27937	7.7143
0.27958	7.7143
0.27979	7.7143
0.28	7.8571
0.28021	7.8571
0.28042	7.8571
0.28063	7.8571
0.28083	7.7143
0.28104	7.8571
0.28125	7.8571
0.28125	7.7143
0.28167	8
0.28167	8
0.28208	7.8571
0.28208	7.8571
0.2825	7.7143
0.2825	7.8571
0.28292	8
0.28292	7.8571
0.28333	7.8571
0.28354	7.8571
0.28375	7.7143
0.28396	8
0.28417	8
0.28437	7.8571
0.28458	7.8571
0.28479	8
0.285	7.7143
0.28521	8
0.28542	8
0.28563	8
0.28583	8
0.28604	8
0.28625	7.7143
0.28646	8
0.28667	7.8571
0.28687	8
0.28708	8
0.28729	8
0.2875	7.8571
0.28771	8
0.28792	8
0.28813	8
0.28833	8
0.28854	8.1429
0.28875	8.1429
0.28896	8
0.28917	8
0.28937	8
0.28958	7.8571
0.28979	8
0.29	8
0.29021	8
0.29042	8
0.29062	8.1429
0.29083	8
0.29104	8
0.29125	8
0.29146	8
0.29167	8.1429
0.29187	8
0.29208	8
0.29229	8
0.2925	8.1429
0.29271	8
0.29292	8
0.29313	8
0.29333	8.2857
0.29354	8
0.29375	8.2857
0.29396	8.1429
0.29417	8.1429
0.29437	8.2857
0.29458	8
0.295	8.2857
0.295	8
0.29542	8.1429
0.29542	8
0.29583	8.2857
0.29604	8.1429
0.29625	8
0.29646	8.2857
0.29667	8
0.29688	8.1429
0.29688	8.2857
0.29729	8.2857
0.29729	8.2857
0.29771	8.2857
0.29771	8.2857
0.29813	8.4286
0.29833	8.4286
0.29854	8
0.29875	8.4286
0.29896	8
0.29917	8.2857
0.29938	8.2857
0.29958	8.2857
0.29979	8.1429
0.3	8.2857
0.30021	8.1429
0.30042	8.4286
0.30062	8.4286
0.30083	8.1429
0.30104	8.2857
0.30125	8.2857
0.30146	8.4286
0.30167	8.2857
0.30188	8.2857
0.30208	8.4286
0.30208	8.2857
0.3025	8.1429
0.30271	8.2857
0.30292	8.2857
0.30313	8.2857
0.30333	8
0.30354	8.2857
0.30375	8.2857
0.30396	8.4286
0.30417	8.4286
0.30438	8.2857
0.30458	8.4286
0.30479	8.4286
0.305	8.4286
0.30521	8.4286
0.30542	8.4286
0.30562	8.4286
0.30583	8.4286
0.30604	8.4286
0.30625	8.2857
0.30646	8.2857
0.30667	8.4286
0.30688	8.2857
0.30708	8.2857
0.30729	8.4286
0.3075	8.4286
0.30771	8.4286
0.30792	8.2857
0.30812	8.4286
0.30833	8.4286
0.30854	8.4286
0.30875	8.2857
0.30896	8.4286
0.30917	8.4286
0.30938	8.4286
0.30958	8.4286
0.30979	8.4286
0.31	8.4286
0.31021	8.4286
0.31042	8.4286
0.31062	8.5714
0.31083	8.5714
0.31104	8.4286
0.31125	8.4286
0.31146	8.4286
0.31167	8.4286
0.31188	8.4286
0.31208	8.4286
0.31229	8.5714
0.3125	8.5714
0.31271	8.4286
0.31292	8.4286
0.31312	8.4286
0.31333	8.5714
0.31354	8.5714
0.31375	8.5714
0.31396	8.5714
0.31417	8.4286
0.31438	8.4286
0.31458	8.5714
0.31479	8.5714
0.315	8.4286
0.31521	8.4286
0.31542	8.4286
0.31562	8.5714
0.31583	8.5714
0.31604	8.4286
0.31625	8.5714
0.31646	8.4286
0.31667	8.5714
0.31688	8.5714
0.31708	8.5714
0.31729	8.5714
0.3175	8.5714
0.31771	8.5714
0.31792	8.7143
0.31812	8.7143
0.31833	8.7143
0.31854	8.5714
0.31875	8.5714
0.31896	8.5714
0.31917	8.7143
0.31938	8.7143
0.31958	8.5714
0.31979	8.8571
0.32	8.5714
0.32021	8.7143
0.32042	8.7143
0.32062	8.5714
0.32083	8.5714
0.32104	8.7143
0.32125	8.7143
0.32167	8.7143
0.32187	8.5714
0.32208	8.7143
0.32229	8.5714
0.3225	8.7143
0.32271	8.7143
0.32292	8.7143
0.32312	8.7143
0.32333	8.7143
0.32354	8.7143
0.32375	8.8571
0.32396	8.7143
0.32417	8.7143
0.32438	8.7143
0.32458	8.7143
0.32479	8.7143
0.325	8.7143
0.32521	9
0.32542	8.7143
0.32562	8.8571
0.32583	8.8571
0.32604	8.8571
0.32625	8.8571
0.32646	8.7143
0.32667	8.7143
0.32687	8.7143
0.32708	8.7143
0.32729	8.8571
0.3275	8.8571
0.32771	8.8571
0.32792	8.8571
0.32812	8.8571
0.32833	8.8571
0.32854	8.8571
0.32875	8.8571
0.32896	8.8571
0.32917	9
0.32938	8.7143
0.32958	8.8571
0.32979	8.7143
0.33	8.8571
0.33021	8.8571
0.33042	9
0.33063	8.8571
0.33083	8.8571
0.33104	9
0.33125	8.8571
0.33146	8.8571
0.33167	8.8571
0.33187	8.8571
0.33208	8.8571
0.33229	8.8571
0.3325	8.8571
0.33271	8.8571
0.33292	8.8571
0.33313	8.8571
0.33333	8.7143
0.33354	9
0.33375	8.8571
0.33396	8.8571
0.33417	8.8571
0.33438	8.8571
0.33458	8.8571
0.33479	9
0.335	9
0.33521	8.8571
0.33542	8.8571
0.33563	9
0.33583	8.7143
0.33604	8.7143
0.33625	9
0.33646	9
0.33667	8.8571
0.33688	9
0.33708	9
0.33729	9
0.3375	8.8571
0.33771	8.8571
0.33792	8.8571
0.33813	9
0.33833	9
0.33854	9
0.33875	9
0.33917	9
0.33917	9
0.33937	9.1429
0.33958	9
0.33979	9.1429
0.34	9
0.34021	9.1429
0.34042	9
0.34063	9.1429
0.34083	9
0.34104	8.8571
0.34125	9.1429
0.34146	9.2857
0.34167	9
0.34187	9
0.34208	9.1429
0.34229	9.1429
0.3425	9
0.34271	9.2857
0.34292	9.2857
0.34312	9.1429
0.34333	9.2857
0.34354	9.1429
0.34396	9.2857
0.34396	9.2857
0.34438	9.1429
0.34438	9.2857
0.34458	9.1429
0.34479	9.2857
0.345	9.1429
0.34521	9.1429
0.34542	9.1429
0.34563	9.1429
0.34583	9.1429
0.34604	9
0.34625	9
0.34646	9
0.34667	9.1429
0.34687	9.2857
0.34708	9.1429
0.34729	9.2857
0.3475	9.1429
0.34771	9.1429
0.34792	9
0.34833	9.1429
0.34854	9.1429
0.34875	9.2857
0.34896	9.2857
0.34917	9.2857
0.34937	9.1429
0.34958	9.2857
0.34979	9.1429
0.35	9.2857
0.35021	9.1429
0.35042	9.2857
0.35062	9.1429
0.35083	9.2857
0.35104	9.2857
0.35125	9.2857
0.35146	9.4286
0.35167	9.1429
0.35187	9.2857
0.35208	9.4286
0.35229	9.2857
0.3525	9
0.35271	9.1429
0.35292	9.2857
0.35312	9.2857
0.35333	9.2857
0.35354	9.2857
0.35375	9.4286
0.35396	9.5714
0.35417	9.2857
0.35438	9.2857
0.35458	9.2857
0.35479	9.4286
0.355	9.2857
0.35521	9.2857
0.35542	9.2857
0.35563	9.4286
0.35583	9.4286
0.35604	9.5714
0.35625	9.2857
0.35646	9.2857
0.35667	9.4286
0.35687	9.4286
0.35708	9.2857
0.35729	9.4286
0.3575	9.4286
0.35771	9.2857
0.35792	9.4286
0.35813	9.4286
0.35833	9.4286
0.35875	9.4286
0.35875	9.2857
0.35917	9.4286
0.35917	9.4286
0.35958	9.4286
0.35958	9.4286
0.36	9.4286
0.36	9.4286
0.36042	9.4286
0.36042	9.5714
0.36062	9.4286
0.36083	9.5714
0.36104	9.5714
0.36125	9.5714
0.36146	9.5714
0.36167	9.4286
0.36188	9.4286
0.36208	9.4286
0.36229	9.7143
0.3625	9.5714
0.36271	9.2857
0.36292	9.4286
0.36312	9.5714
0.36354	9.7143
0.36354	9.5714
0.36396	9.4286
0.36396	9.5714
0.36437	9.5714
0.36437	9.5714
0.36479	9.5714
0.36479	9.5714
0.36521	9.4286
0.36521	9.5714
0.36563	9.5714
0.36563	9.5714
0.36583	9.5714
0.36604	9.5714
0.36625	9.5714
0.36646	9.7143
0.36667	9.5714
0.36688	9.7143
0.36708	9.5714
0.36729	9.7143
0.3675	9.7143
0.36792	9.5714
0.36792	9.5714
0.36833	9.5714
0.36833	9.5714
0.36875	9.4286
0.36875	9.7143
0.36917	9.7143
0.36938	9.7143
0.36958	9.7143
0.36979	9.7143
0.37	9.7143
0.37021	9.7143
0.37042	9.5714
0.37062	9.7143
0.37083	9.7143
0.37104	9.5714
0.37125	9.5714
0.37146	9.5714
0.37167	9.7143
0.37188	9.5714
0.37208	9.5714
0.37229	9.7143
0.3725	9.7143
0.37271	9.7143
0.37292	9.7143
0.37312	9.5714
0.37333	9.7143
0.37354	10
0.37375	9.5714
0.37396	9.7143
0.37417	9.7143
0.37437	9.7143
0.37458	9.7143
0.37479	9.8571
0.375	10
0.37521	9.7143
0.37542	9.7143
0.37563	9.5714
0.37583	9.7143
0.37604	9.7143
0.37625	9.5714
0.37646	9.7143
0.37667	9.7143
0.37688	9.7143
0.37708	9.8571
0.37729	9.7143
0.3775	9.8571
0.37771	9.8571
0.37792	9.8571
0.37812	9.7143
0.37833	10
0.37854	9.7143
0.37875	10
0.37896	10
0.37917	9.8571
0.37938	9.8571
0.37958	9.8571
0.38	9.8571
0.38	9.8571
0.38042	9.8571
0.38042	9.8571
0.38083	10
0.38083	10
0.38125	9.8571
0.38146	9.8571
0.38146	10
0.38187	10
0.38187	9.7143
0.38208	9.8571
0.38229	9.8571
0.3825	9.8571
0.38271	10.143
0.38312	9.8571
0.38312	10
0.38354	9.7143
0.38354	9.8571
0.38396	10
0.38396	9.8571
0.38437	9.8571
0.38437	9.8571
0.38479	10
0.38479	10
0.38521	10
0.38521	10
0.38563	10
0.38563	10
0.38604	10
0.38604	10
0.38646	9.8571
0.38667	10
0.38688	10
0.38708	10
0.38708	9.8571
0.3875	10
0.3875	10
0.38792	10
0.38792	10
0.38833	10
0.38833	10.143
0.38875	10
0.38875	10
0.38917	10
0.38917	10
0.38958	10
0.38958	10.143
0.39	10
0.39021	10
0.39042	10.286
0.39062	10
0.39083	10
0.39104	10
0.39125	10
0.39146	10
0.39167	10.143
0.39187	10.143
0.39208	10
0.39229	9.8571
0.3925	9.8571
0.39271	10
0.39292	10.143
0.39313	10.143
0.39333	10.143
0.39354	10.143
0.39375	10
0.39396	10.143
0.39417	10.143
0.39437	10
0.39458	10
0.39479	10
0.395	10.143
0.39521	10.143
0.39542	10.143
0.39562	10.143
0.39583	10.143
0.39604	10.143
0.39625	10.143
0.39646	10.143
0.39667	10.143
0.39688	10.143
0.39708	10.143
0.39729	10.143
0.3975	10.143
0.39771	10.143
0.39792	10.143
0.39813	10.143
0.39833	10.143
0.39854	10.143
0.39875	10
0.39896	10.286
0.39917	10.143
0.39938	10
0.39958	10.143
0.39979	10.286
0.4	10.143
0.40021	10.143
0.40042	10.143
0.40063	10.143
0.40083	10.286
0.40104	10
0.40125	10.286
0.40146	10.143
0.40167	10.143
0.40208	10.429
0.40229	10.286
0.4025	10.143
0.40271	10.286
0.40271	10.143
0.40313	10.143
0.40313	10.286
0.40354	10.143
0.40354	10.143
0.40396	10.143
0.40396	10.286
0.40437	10.143
0.40437	10.286
0.40479	10.143
0.40479	10.286
0.40521	10.286
0.40521	10.286
0.40562	10.286
0.40562	10.143
0.40604	10.143
0.40604	10.286
0.40646	10.429
0.40667	10.429
0.40688	10.143
0.40708	10.143
0.40729	10.143
0.4075	10.286
0.40771	10.286
0.40792	10.286
0.40792	10.286
0.40833	10.286
0.40833	10.286
0.40875	10.286
0.40875	10.286
0.40917	10.286
0.40917	10.286
0.40958	10.286
0.40958	10.429
0.41	10.143
0.41	10.429
0.41042	10.286
0.41042	10.286
0.41083	10.286
0.41104	10.286
0.41125	10.286
0.41146	10.286
0.41167	10.286
0.41187	10.143
0.41208	10.286
0.41229	10.286
0.4125	10.286
0.41271	10.429
0.41292	10.143
0.41312	10.429
0.41333	10.429
0.41354	10.429
0.41375	10.429
0.41396	10.429
0.41417	10.429
0.41437	10.429
0.41458	10.429
0.41479	10.429
0.415	10.429
0.41521	10.429
0.41542	10.429
0.41562	10.286
0.41583	10.429
0.41604	10.429
0.41625	10.429
0.41646	10.429
0.41667	10.429
0.41688	10.571
0.41708	10.429
0.41729	10.429
0.4175	10.429
0.41771	10.429
0.41792	10.571
0.41813	10.429
0.41833	10.429
0.41854	10.429
0.41875	10.429
0.41896	10.429
0.41917	10.429
0.41937	10.429
0.41958	10.429
0.41979	10.571
0.42	10.429
0.42021	10.429
0.42042	10.429
0.42063	10.571
0.42083	10.429
0.42104	10.429
0.42125	10.571
0.42146	10.429
0.42167	10.429
0.42188	10.429
0.42208	10.429
0.42229	10.429
0.4225	10.571
0.42271	10.429
0.42292	10.571
0.42312	10.429
0.42333	10.429
0.42354	10.571
0.42375	10.714
0.42396	10.429
0.42417	10.714
0.42438	10.571
0.42458	10.571
0.42479	10.571
0.425	10.429
0.42521	10.571
0.42542	10.571
0.42562	10.571
0.42583	10.429
0.42604	10.429
0.42625	10.571
0.42646	10.429
0.42667	10.714
0.42687	10.571
0.42708	10.286
0.42729	10.429
0.4275	10.571
0.42771	10.571
0.42792	10.429
0.42813	10.429
0.42833	10.571
0.42854	10.714
0.42896	10.571
0.42917	10.571
0.42917	10.571
0.42958	10.429
0.42958	10.571
0.43	10.571
0.43	10.571
0.43042	10.571
0.43063	10.714
0.43083	10.571
0.43104	10.714
0.43125	10.714
0.43146	10.714
0.43167	10.571
0.43188	10.571
0.43208	10.571
0.43229	10.571
0.4325	10.571
0.43271	10.714
0.43292	10.714
0.43312	10.857
0.43333	10.714
0.43354	10.714
0.43375	10.571
0.43396	10.857
0.43417	10.571
0.43438	10.714
0.43458	10.857
0.43479	10.571
0.435	10.714
0.43521	10.714
0.43542	10.714
0.43562	10.571
0.43583	10.857
0.43604	10.714
0.43625	10.714
0.43646	10.571
0.43667	10.857
0.43687	10.714
0.43708	10.857
0.43729	10.857
0.4375	10.857
0.43771	10.571
0.43792	10.857
0.43813	10.857
0.43833	10.857
0.43854	10.714
0.43875	10.857
0.43896	10.714
0.43917	10.714
0.43938	10.857
0.43958	10.714
0.43979	10.857
0.44	10.714
0.44021	10.857
0.44042	10.857
0.44062	10.857
0.44083	10.857
0.44104	10.857
0.44125	10.714
0.44146	10.857
0.44167	10.714
0.44188	10.857
0.44208	10.857
0.44229	11
0.4425	10.857
0.44271	10.857
0.44292	10.857
0.44312	10.571
0.44333	10.857
0.44354	10.857
0.44375	10.857
0.44396	10.857
0.44417	10.857
0.44437	10.857
0.44458	10.857
0.44479	10.857
0.445	11
0.44521	11
0.44542	10.857
0.44562	11
0.44583	11.143
0.44604	11
0.44625	10.857
0.44646	11
0.44667	11
0.44687	11.143
0.44708	10.857
0.44729	11.143
0.4475	10.857
0.44771	11
0.44792	10.857
0.44813	11
0.44833	11
0.44854	11
0.44875	11
0.44896	11.143
0.44917	11.143
0.44938	11
0.44958	11.143
0.44979	11
0.45	11
0.45021	11
0.45042	10.857
0.45062	11.143
0.45083	11.143
0.45104	11
0.45125	11.286
0.45146	10.857
0.45167	11.143
0.45188	10.857
0.45208	11
0.45229	11.143
0.4525	11.143
0.45271	11
0.45292	11.286
0.45333	11
0.45333	11
0.45375	11.143
0.45375	10.857
0.45417	11.143
0.45417	11
0.45458	11.143
0.45458	11.286
0.455	11
0.455	11
0.45542	11.143
0.45563	11
0.45583	11.143
0.45604	11.143
0.45625	11.143
0.45646	11
0.45667	11.143
0.45687	11.286
0.45708	11
0.45729	11
0.4575	11.143
0.45771	11.143
0.45792	11.143
0.45812	11.286
0.45833	11.143
0.45854	11
0.45875	11.143
0.45896	11.143
0.45917	11.286
0.45938	11.286
0.45958	11
0.45979	11.143
0.46	11.143
0.46021	10.857
0.46042	11.286
0.46063	11.143
0.46083	11.143
0.46104	11.286
0.46125	11.286
0.46146	11.143
0.46167	11
0.46188	11.143
0.46208	11
0.46229	11.286
0.4625	11.143
0.46271	11.143
0.46292	11.143
0.46313	11.286
0.46333	11.286
0.46354	11.286
0.46375	11.143
0.46396	11.286
0.46417	11.286
0.46437	11.286
0.46458	11.286
0.46479	11.286
0.465	11.286
0.46521	11.286
0.46542	11.286
0.46583	11.286
0.46583	11.286
0.46625	11.286
0.46625	11.286
0.46646	11.286
0.46667	11.286
0.46687	11.286
0.46708	11.286
0.46729	11.143
0.4675	11.286
0.46771	11.286
0.46792	11.286
0.46812	11.286
0.46833	11.286
0.46854	11.286
0.46875	11.286
0.46896	11.286
0.46917	11.571
0.46938	11
0.46958	11.429
0.46979	11.286
0.47	11.429
0.47021	11.286
0.47063	11.286
0.47063	11.286
0.47104	11.429
0.47104	11.286
0.47146	11.286
0.47146	11.286
0.47167	11.286
0.47187	11.286
0.47208	11.429
0.47229	11.286
0.4725	11.286
0.47271	11.286
0.47292	11.286
0.47313	11.286
0.47333	11.286
0.47354	11.286
0.47396	11.429
0.47417	11.286
0.47437	11.286
0.47458	11.286
0.47458	11.429
0.475	11.429
0.47521	11.286
0.47542	11.286
0.47562	11.429
0.47583	11.286
0.47604	11.571
0.47625	11.286
0.47646	11.286
0.47667	11.429
0.47687	11.429
0.47687	11.429
0.47729	11.429
0.47729	11.429
0.47771	11.429
0.47771	11.571
0.47812	11.429
0.47812	11.429
0.47854	11.286
0.47875	11.571
0.47896	11.429
0.47917	11.429
0.47938	11.286
0.47938	11.429
0.47979	11.286
0.48	11.571
0.48021	11.571
0.48042	11.714
0.48063	11.429
0.48083	11.429
0.48104	11.714
0.48125	11.571
0.48146	11.714
0.48167	11.571
0.48187	11.429
0.48208	11.429
0.48208	11.429
0.4825	11.429
0.48271	11.571
0.48292	11.571
0.48313	11.571
0.48333	11.571
0.48354	11.571
0.48375	11.571
0.48396	11.429
0.48417	11.429
0.48438	11.714
0.48458	11.429
0.48479	11.429
0.485	11.571
0.48521	11.714
0.48542	11.571
0.48583	11.714
0.48583	11.429
0.48625	11.571
0.48625	11.571
0.48667	11.571
0.48667	11.571
0.48708	11.571
0.48708	11.571
0.48729	11.571
0.4875	11.571
0.48771	11.571
0.48792	11.714
0.48812	11.571
0.48833	11.571
0.48854	11.714
0.48875	11.571
0.48896	11.571
0.48917	11.714
0.48937	11.857
0.48958	11.714
0.48979	11.714
0.49	11.714
0.49021	11.714
0.49063	11.714
0.49063	11.571
0.49104	11.714
0.49104	11.571
0.49146	11.714
0.49146	11.571
0.49188	11.714
0.49188	11.571
0.49229	11.571
0.49229	11.714
0.49271	11.714
0.49271	11.714
0.49292	11.714
0.49313	11.714
0.49333	11.714
0.49354	11.857
0.49375	11.571
0.49396	11.714
0.49417	11.714
0.49438	11.714
0.49458	11.714
0.495	11.714
0.49521	11.714
0.49542	11.714
0.49562	11.714
0.49583	11.714
0.49604	11.714
0.49625	11.714
0.49646	11.714
0.49667	11.714
0.49688	11.714
0.49708	11.714
0.49729	11.714
0.4975	11.714
0.49771	11.714
0.49792	11.857
0.49812	11.714
0.49833	11.714
0.49854	11.714
0.49875	11.857
0.49896	11.714
0.49917	11.714
0.49937	11.714
0.49958	11.714
0.49979	11.714
0.5	11.857
0.50021	11.857
0.50042	11.857
0.50062	11.714
0.50083	11.714
0.50104	11.714
0.50125	11.714
0.50146	12
0.50167	12
0.50187	12
0.50208	11.857
0.50229	12
0.5025	12
0.50271	12.143
0.50292	11.714
0.50312	11.857
0.50333	11.857
0.50354	11.714
0.50375	12
0.50396	12
0.50417	11.857
0.50438	11.714
0.50458	12
0.50479	12
0.505	12
0.50521	11.714
0.50542	11.857
0.50562	11.857
0.50583	11.714
0.50604	11.857
0.50625	12
0.50646	12
0.50667	12
0.50687	12
0.50708	11.857
0.50729	12.143
0.5075	11.857
0.50771	12
0.50792	12.143
0.50813	12
0.50833	12
0.50854	12
0.50875	12
0.50896	12.143
0.50917	12
0.50938	11.714
0.50958	12
0.50979	12
0.51021	12.143
0.51021	12
0.51062	12
0.51062	12.143
0.51104	12.143
0.51104	12
0.51146	12.143
0.51146	12.143
0.51187	12.143
0.51187	12
0.51229	12
0.51229	12.143
0.51271	12
0.51271	12.143
0.51312	12
0.51312	12.143
0.51354	12
0.51354	12.143
0.51375	12.143
0.51396	12.286
0.51417	12
0.51458	12.143
0.51458	12.143
0.515	12.143
0.515	12.143
0.51542	12.143
0.51542	12.143
0.51583	12.143
0.51604	12.143
0.51625	12.143
0.51646	12.286
0.51667	12.429
0.51687	12.143
0.51708	12.143
0.51729	12.143
0.5175	12.143
0.51771	12.286
0.51792	12.143
0.51813	12.143
0.51833	12.286
0.51854	12.286
0.51875	12.286
0.51896	12.286
0.51917	12.143
0.51938	12.286
0.51958	12.286
0.51979	12.143
0.52	12.286
0.52021	12.286
0.52042	12.143
0.52063	12.286
0.52083	12.286
0.52104	12.286
0.52125	12.143
0.52146	12.286
0.52167	12.143
0.52187	12.286
0.52208	12.286
0.52229	12.429
0.5225	12.286
0.52271	12.286
0.52292	12.286
0.52312	12.286
0.52333	12.286
0.52354	12.286
0.52375	12.286
0.52396	12.286
0.52417	12.286
0.52438	12.286
0.52458	12.286
0.52479	12.143
0.525	12.286
0.52521	12.286
0.52542	12.286
0.52563	12.429
0.52583	12.286
0.52604	12.143
0.52625	12.286
0.52646	12.286
0.52667	12.286
0.52687	12.143
0.52708	12.286
0.52729	12.286
0.5275	12.286
0.52771	12.286
0.52792	12.286
0.52813	12.286
0.52833	12.286
0.52854	12.286
0.52875	12.286
0.52896	12.143
0.52917	12.286
0.52938	12.429
0.52958	12.429
0.52979	12.286
0.53	12.429
0.53021	12.286
0.53042	12.571
0.53063	12.286
0.53083	12.286
0.53104	12.286
0.53125	12.429
0.53146	12.429
0.53167	12.286
0.53187	12.286
0.53208	12.429
0.53229	12.286
0.5325	12.429
0.53271	12.429
0.53292	12.429
0.53312	12.286
0.53333	12.429
0.53354	12.571
0.53375	12.429
0.53396	12.286
0.53417	12.286
0.53437	12.571
0.53458	12.429
0.53479	12.429
0.535	12.429
0.53521	12.429
0.53542	12.429
0.53563	12.429
0.53583	12.286
0.53625	12.429
0.53625	12.429
0.53667	12.286
0.53687	12.429
0.53708	12.571
0.53729	12.571
0.5375	12.571
0.53771	12.571
0.53792	12.571
0.53812	12.286
0.53833	12.571
0.53854	12.571
0.53875	12.429
0.53896	12.571
0.53917	12.571
0.53938	12.429
0.53958	12.429
0.53979	12.571
0.54	12.429
0.54021	12.571
0.54042	12.429
0.54063	12.429
0.54083	12.571
0.54104	12.571
0.54125	12.286
0.54146	12.571
0.54167	12.571
0.54187	12.571
0.54208	12.571
0.54229	12.571
0.5425	12.429
0.54271	12.714
0.54292	12.571
0.54312	12.714
0.54333	12.571
0.54354	12.571
0.54375	12.571
0.54396	12.571
0.54417	12.571
0.54437	12.571
0.54458	12.571
0.54479	12.571
0.545	12.714
0.54521	12.571
0.54542	12.571
0.54563	12.714
0.54583	12.571
0.54604	12.571
0.54625	12.571
0.54646	12.714
0.54667	12.571
0.54688	12.571
0.54708	12.714
0.54729	12.571
0.5475	12.571
0.54771	12.714
0.54792	12.714
0.54812	12.571
0.54833	12.571
0.54854	12.571
0.54875	12.714
0.54896	12.571
0.54917	12.714
0.54938	12.714
0.54958	12.571
0.54979	12.571
0.55	12.571
0.55021	12.571
0.55042	12.571
0.55063	12.714
0.55083	12.571
0.55104	12.571
0.55125	12.714
0.55146	12.571
0.55167	12.857
0.55188	12.714
0.55208	12.714
0.55229	12.714
0.5525	12.714
0.55271	12.714
0.55292	12.857
0.55312	12.714
0.55333	12.857
0.55354	12.714
0.55375	12.714
0.55396	12.714
0.55417	12.857
0.55437	12.857
0.55458	12.714
0.55479	12.714
0.555	12.857
0.55521	12.714
0.55542	12.714
0.55563	12.714
0.55583	12.857
0.55604	12.714
0.55625	12.571
0.55646	13
0.55667	12.857
0.55688	12.857
0.55708	12.714
0.55729	12.857
0.5575	13
0.55771	12.714
0.55792	12.714
0.55812	12.857
0.55833	12.857
0.55854	13
0.55875	12.714
0.55917	13
0.55917	12.714
0.55958	12.857
0.55958	12.857
0.56	13
0.56	12.857
0.56042	13
0.56042	12.857
0.56083	12.857
0.56083	12.714
0.56125	12.857
0.56125	12.857
0.56146	12.857
0.56167	12.714
0.56188	12.714
0.56208	13
0.56229	12.714
0.5625	12.714
0.56292	13
0.56312	13
0.56333	12.857
0.56354	13
0.56375	13
0.56396	13.143
0.56417	13
0.56437	13
0.56458	13.143
0.56479	12.857
0.565	13
0.56521	12.857
0.56542	13
0.56562	13
0.56583	13
0.56604	12.857
0.56625	13.143
0.56646	13
0.56667	13
0.56688	12.857
0.56708	13
0.56729	13.143
0.5675	13
0.56771	13
0.56792	13
0.56812	13
0.56833	13
0.56854	13
0.56875	13
0.56896	13
0.56917	13
0.56937	13
0.56958	13.143
0.56979	13
0.57	13
0.57021	13
0.57042	13.286
0.57063	12.714
0.57083	13.286
0.57104	13
0.57125	13
0.57146	13
0.57167	13
0.57188	13
0.57208	13
0.57229	13
0.5725	13
0.57271	13.143
0.57292	13
0.57312	13
0.57333	13.143
0.57354	13
0.57375	12.857
0.57396	13.143
0.57417	13
0.57437	13.143
0.57458	13
0.57479	13
0.575	13
0.57521	13
0.57542	13
0.57562	13.143
0.57583	13.143
0.57604	13
0.57625	13
0.57646	13
0.57667	13.143
0.57688	13.143
0.57708	13.143
0.57729	13.286
0.5775	13.286
0.57771	13.143
0.57792	13.286
0.57812	13.286
0.57833	13.143
0.57875	13.143
0.57875	13.143
0.57917	13
0.57917	13.286
0.57958	13.143
0.57958	13.143
0.58	13
0.58	13.143
0.58042	13.143
0.58042	13.429
0.58083	13.286
0.58083	13.143
0.58125	13.143
0.58125	13.286
0.58167	13.286
0.58188	13.286
0.58208	13.286
0.58229	13.286
0.5825	13.286
0.5825	13.286
0.58271	13.286
0.58313	13.429
0.58313	13.143
0.58354	13.286
0.58354	13.143
0.58396	13.286
0.58396	13.286
0.58437	13.143
0.58437	13.429
0.58479	13.286
0.58479	13.286
0.58521	13.286
0.58521	13.286
0.58562	13.286
0.58562	13.286
0.58604	13.286
0.58625	13.286
0.58646	13.286
0.58646	13.286
0.58688	13.286
0.58688	13.429
0.58729	13.286
0.58729	13.286
0.58771	13.571
0.58792	13.286
0.58792	13.286
0.58833	13.429
0.58833	13.429
0.58875	13.286
0.58875	13.286
0.58917	13.429
0.58937	13.429
0.58958	13.286
0.58979	13.286
0.59	13.429
0.59021	13.429
0.59042	13.286
0.59063	13.429
0.59083	13.429
0.59104	13.429
0.59125	13.429
0.59146	13.286
0.59167	13.286
0.59188	13.429
0.59208	13.429
0.59229	13.429
0.5925	13.429
0.59271	13.429
0.59292	13.286
0.59313	13.286
0.59333	13.429
0.59354	13.429
0.59375	13.286
0.59396	13.571
0.59417	13.429
0.59437	13.429
0.59458	13.286
0.59479	13.429
0.595	13.286
0.59521	13.429
0.59542	13.429
0.59562	13.286
0.59583	13.429
0.59604	13.571
0.59625	13.429
0.59646	13.429
0.59667	13.571
0.59687	13.571
0.59708	13.571
0.59729	13.429
0.5975	13.571
0.59771	13.286
0.59792	13.429
0.59813	13.571
0.59854	13.571
0.59854	13.286
0.59875	13.571
0.59896	13.429
0.59917	13.429
0.59937	13.286
0.59958	13.714
0.6	13.429
0.6	13.429
0.60042	13.429
0.60042	13.429
0.60083	13.429
0.60083	13.429
0.60125	13.429
0.60146	13.571
0.60167	13.429
0.60188	13.571
0.60208	13.429
0.60229	13.571
0.6025	13.429
0.60271	13.571
0.60292	13.571
0.60313	13.571
0.60333	13.571
0.60354	13.571
0.60375	13.714
0.60396	13.571
0.60396	13.429
0.60437	13.571
0.60437	13.714
0.60479	13.571
0.60479	13.571
0.60521	13.571
0.60521	13.714
0.60562	13.429
0.60562	13.571
0.60604	13.571
0.60625	13.714
0.60646	13.571
0.60667	13.429
0.60687	13.571
0.60708	13.571
0.60729	13.429
0.6075	13.571
0.60771	13.714
0.60792	13.429
0.60813	13.571
0.60833	13.714
0.60854	13.714
0.60875	13.714
0.60896	13.571
0.60917	13.571
0.60917	13.714
0.60958	13.429
0.60958	13.571
0.61	13.714
0.61021	13.571
0.61042	13.714
0.61062	13.571
0.61083	13.571
0.61104	13.429
0.61125	13.714
0.61146	13.571
0.61167	13.714
0.61188	13.714
0.61208	13.714
0.61229	13.714
0.6125	13.571
0.61271	13.857
0.61292	13.857
0.61313	13.714
0.61333	13.714
0.61354	13.714
0.61375	13.571
0.61396	13.714
0.61417	13.714
0.61438	13.857
0.61458	13.714
0.61479	13.714
0.615	13.714
0.61521	13.857
0.61542	13.714
0.61562	13.714
0.61583	13.714
0.61604	13.714
0.61625	13.714
0.61646	13.714
0.61687	13.857
0.61687	13.714
0.61729	13.714
0.61729	13.714
0.61771	14
0.61771	13.571
0.61813	13.857
0.61813	13.714
0.61854	13.714
0.61854	13.714
0.61896	13.714
0.61896	13.857
0.61938	13.714
0.61938	13.714
0.61958	13.714
0.61979	13.714
0.62	13.857
0.62021	13.857
0.62042	13.857
0.62083	13.857
0.62083	13.714
0.62125	13.714
0.62146	13.857
0.62167	13.857
0.62188	13.857
0.62208	13.714
0.62229	14
0.6225	13.857
0.62271	14
0.62292	13.857
0.62313	13.857
0.62333	13.714
0.62354	13.857
0.62375	14
0.62396	13.857
0.62417	13.714
0.62438	13.857
0.62458	13.857
0.62479	13.857
0.625	13.857
0.62521	13.857
0.62521	13.857
0.62562	14
0.62562	14
0.62604	13.857
0.62625	14
0.62646	13.857
0.62667	13.857
0.62687	14
0.62708	14
0.62729	13.857
0.6275	14.143
0.62771	14
0.62792	14
0.62812	13.857
0.62833	14
0.62854	14
0.62875	14.143
0.62896	14
0.62917	14
0.62938	13.857
0.62958	14
0.62979	14
0.63	14
0.63021	14.143
0.63042	13.857
0.63062	13.714
0.63083	14.143
0.63104	14
0.63125	14
0.63146	14.143
0.63167	14
0.63187	14
0.63208	14
0.63229	14.143
0.6325	14
0.63271	14.143
0.63292	13.857
0.63313	14
0.63333	14
0.63354	14
0.63375	14.143
0.63396	14.143
0.63417	13.857
0.63438	14
0.63458	14.143
0.63479	14
0.635	14
0.63521	14.143
0.63542	14.143
0.63562	14.143
0.63583	14.143
0.63604	13.857
0.63625	14.143
0.63646	14.143
0.63667	14.143
0.63687	14.143
0.63708	14.143
0.63729	14
0.6375	14.286
0.63771	14.286
0.63792	14.143
0.63812	14
0.63833	14.143
0.63854	14.143
0.63875	14.286
0.63896	14.143
0.63917	14.143
0.63938	14.286
0.63958	14.286
0.63979	14.286
0.64	14.286
0.64021	14.286
0.64042	14.286
0.64062	14.286
0.64083	14.286
0.64104	14.143
0.64125	14
0.64146	14.143
0.64167	14.286
0.64187	14
0.64208	14.143
0.64229	14.143
0.6425	14.286
0.64271	14.143
0.64292	14.143
0.64313	14.286
0.64354	14.286
0.64375	14.286
0.64396	14.286
0.64417	14.286
0.64438	14.286
0.64458	14.286
0.64479	14.286
0.645	14.286
0.64521	14.286
0.64542	14.286
0.64563	14.286
0.64583	14.286
0.64604	14.143
0.64625	14.143
0.64646	14.286
0.64667	14.286
0.64687	14.143
0.64708	14.286
0.64729	14.143
0.6475	14.286
0.64771	14.286
0.64792	14.286
0.64812	14.143
0.64833	14.286
0.64854	14.286
0.64875	14.286
0.64896	14.286
0.64917	14.429
0.64938	14.286
0.64958	14.286
0.64979	14.286
0.65	14.286
0.65021	14.143
0.65042	14.286
0.65063	14.286
0.65083	14.286
0.65104	14.286
0.65125	14.143
0.65146	14.286
0.65167	14.286
0.65187	14.143
0.65208	14.429
0.65229	14.286
0.6525	14.286
0.65271	14.286
0.65292	14.286
0.65313	14.429
0.65333	14.286
0.65354	14.286
0.65375	14.286
0.65396	14.286
0.65417	14.286
0.65438	14.429
0.65458	14.286
0.65479	14.571
0.655	14.429
0.65521	14.286
0.65542	14.286
0.65563	14.286
0.65583	14.286
0.65604	14.429
0.65625	14.429
0.65646	14.286
0.65667	14.429
0.65687	14.286
0.65708	14.429
0.65729	14.429
0.6575	14.286
0.65771	14.429
0.65792	14.429
0.65812	14.286
0.65833	14.286
0.65854	14.429
0.65875	14.571
0.65896	14.429
0.65917	14.429
0.65937	14.429
0.65958	14.286
0.65979	14.286
0.66	14.429
0.66021	14.571
0.66042	14.429
0.66063	14.429
0.66083	14.429
0.66104	14.429
0.66125	14.429
0.66146	14.429
0.66167	14.286
0.66187	14.429
0.66208	14.286
0.66229	14.429
0.6625	14.571
0.66271	14.286
0.66292	14.429
0.66312	14.571
0.66333	14.429
0.66354	14.571
0.66375	14.429
0.66396	14.571
0.66417	14.571
0.66438	14.571
0.66458	14.571
0.66479	14.714
0.665	14.429
0.66521	14.429
0.66542	14.571
0.66563	14.571
0.66583	14.429
0.66625	14.429
0.66625	14.429
0.66667	14.571
0.66667	14.429
0.66708	14.429
0.66708	14.429
0.66729	14.714
0.6675	14.714
0.66771	14.429
0.66792	14.571
0.66812	14.429
0.66833	14.714
0.66854	14.571
0.66875	14.571
0.66896	14.571
0.66917	14.571
0.66938	14.714
0.66958	14.571
0.66979	14.429
0.67021	14.571
0.67042	14.571
0.67062	14.714
0.67083	14.571
0.67104	14.571
0.67125	14.571
0.67146	14.571
0.67167	14.571
0.67188	14.571
0.67208	14.714
0.67229	14.714
0.6725	14.714
0.67271	14.571
0.67292	14.571
0.67313	14.714
0.67333	14.571
0.67354	14.714
0.67375	14.714
0.67396	14.714
0.67417	14.571
0.67437	14.714
0.67458	14.714
0.67479	14.714
0.675	14.714
0.67521	14.714
0.67542	14.714
0.67563	14.714
0.67583	14.714
0.67604	14.714
0.67625	14.714
0.67646	14.714
0.67667	14.714
0.67688	14.714
0.67708	14.714
0.67729	14.429
0.6775	14.714
0.67771	14.714
0.67792	14.714
0.67812	14.429
0.67833	14.429
0.67854	14.714
0.67875	14.714
0.67896	14.714
0.67917	14.714
0.67937	14.714
0.67958	14.714
0.67979	14.714
0.68	14.714
0.68021	14.714
0.68042	14.714
0.68063	14.714
0.68083	14.571
0.68104	14.714
0.68125	14.571
0.68146	14.714
0.68167	14.714
0.68187	14.714
0.68208	14.714
0.68229	14.714
0.6825	14.714
0.68271	15.143
0.68292	14.714
0.68312	14.714
0.68333	14.714
0.68354	14.714
0.68375	14.714
0.68396	14.857
0.68417	14.714
0.68438	14.714
0.68458	14.714
0.68479	14.714
0.685	14.714
0.68521	14.714
0.68542	14.714
0.68583	14.714
0.68583	14.714
0.68625	14.714
0.68625	14.714
0.68667	14.857
0.68667	14.857
0.68708	14.857
0.68708	14.857
0.6875	15
0.6875	14.714
0.68792	14.857
0.68792	14.857
0.68833	14.714
0.68833	14.714
0.68854	15
0.68875	14.714
0.68896	14.714
0.68917	15
0.68938	15
0.68958	14.857
0.68979	14.714
0.69	14.857
0.69021	14.857
0.69062	15
0.69062	15
0.69104	15
0.69104	15
0.69146	15
0.69146	14.857
0.69188	14.857
0.69188	14.857
0.69229	15
0.69229	15.143
0.69271	15
0.69271	15.143
0.69313	14.857
0.69313	14.857
0.69354	15
0.69354	15
0.69396	15
0.69417	15
0.69437	15.143
0.69458	14.857
0.69479	15
0.695	14.857
0.69521	15.143
0.69542	15
0.69563	14.857
0.69583	15
0.69604	14.857
0.69625	15
0.69646	15
0.69667	15
0.69688	14.857
0.69708	15.143
0.69729	15.143
0.6975	15
0.69771	15.143
0.69792	15.143
0.69812	15
0.69833	15
0.69854	15
0.69875	15
0.69896	15
0.69917	15.143
0.69937	15
0.69958	15.143
0.69979	15.143
0.7	15.143
0.70021	15.143
0.70042	15
0.70063	15.143
0.70083	15
0.70104	15.143
0.70125	15
0.70146	15
0.70167	15.143
0.70187	15
0.70208	15
0.70229	15.143
0.7025	15
0.70271	14.857
0.70292	15
0.70312	15
0.70333	15.143
0.70354	15.143
0.70375	15.143
0.70396	15.286
0.70417	15.143
0.70438	15
0.70458	15
0.70479	15.143
0.705	15
0.70542	15.143
0.70542	15.286
0.70583	15.143
0.70583	15.286
0.70625	15.286
0.70625	15.143
0.70667	15.286
0.70667	15.143
0.70708	15.143
0.70708	15.143
0.7075	15.143
0.7075	15.143
0.70792	15.143
0.70792	15.143
0.70833	15
0.70833	15.143
0.70875	15.286
0.70875	15.286
0.70917	15
0.70917	15.143
0.70958	15.143
0.70979	15.143
0.70979	15.143
0.71021	15.286
0.71021	15.143
0.71062	15.143
0.71062	15.143
0.71104	15.143
0.71104	15.286
0.71146	15.143
0.71146	15
0.71188	15.143
0.71188	15.143
0.71229	15.143
0.71229	15.286
0.71271	15.143
0.71271	15.286
0.71312	15.286
0.71312	15.143
0.71354	15.143
0.71354	15.143
0.71396	15.143
0.71396	15.286
0.71437	15.286
0.71458	15.286
0.71479	15.143
0.715	15.143
0.71521	15.286
0.71542	15.143
0.71563	15.143
0.71583	15.143
0.71604	15.143
0.71625	15.143
0.71646	15
0.71667	15.286
0.71687	15.143
0.71708	15.143
0.71729	15.286
0.7175	15
0.71771	15.143
0.71792	15.143
0.71813	15.286
0.71833	15.286
0.71854	15.286
0.71875	15.286
0.71896	15.286
0.71917	15.286
0.71937	15.286
0.71958	15.286
0.71979	15.429
0.72	15.143
0.72021	15.286
0.72042	15.286
0.72063	15.286
0.72083	15.286
0.72104	15.143
0.72125	15.429
0.72146	15.429
0.72167	15.143
0.72187	15.143
0.72208	15.286
0.72229	15.429
0.7225	15.143
0.72271	15.143
0.72292	15.429
0.72313	15.286
0.72333	15.286
0.72354	15.286
0.72375	15.286
0.72396	15.286
0.72417	15.286
0.72438	15.143
0.72458	15.429
0.72479	15.429
0.72521	15.429
0.72542	15.286
0.72542	15.571
0.72583	15.429
0.72583	15.286
0.72625	15.286
0.72625	15.286
0.72667	15.286
0.72667	15.571
0.72708	15.429
0.72708	15.429
0.7275	15.429
0.7275	15.429
0.72792	15.429
0.72792	15.571
0.72833	15.286
0.72854	15.286
0.72875	15.286
0.72896	15.429
0.72917	15.286
0.72937	15.286
0.72958	15.429
0.72979	15.286
0.73	15.429
0.73021	15.429
0.73042	15.429
0.73062	15.429
0.73083	15.286
0.73104	15.286
0.73104	15.429
0.73146	15.429
0.73146	15.571
0.73188	15.571
0.73188	15.429
0.73229	15.571
0.73229	15.429
0.73271	15.571
0.73292	15.429
0.73312	15.429
0.73333	15.571
0.73354	15.429
0.73375	15.429
0.73396	15.429
0.73396	15.429
0.73438	15.429
0.73458	15.429
0.73479	15.286
0.735	15.429
0.73521	15.571
0.73542	15.429
0.73563	15.571
0.73583	15.571
0.73604	15.429
0.73625	15.429
0.73646	15.571
0.73667	15.571
0.73687	15.429
0.73708	15.571
0.73729	15.571
0.7375	15.571
0.73771	15.571
0.73792	15.571
0.73813	15.571
0.73833	15.571
0.73854	15.571
0.73875	15.571
0.73896	15.571
0.73917	15.571
0.73938	15.571
0.73958	15.571
0.73979	15.714
0.74	15.429
0.74021	15.571
0.74042	15.571
0.74062	15.571
0.74083	15.571
0.74104	15.571
0.74125	15.714
0.74146	15.429
0.74167	15.571
0.74187	15.571
0.74208	15.714
0.74229	15.571
0.7425	15.571
0.74271	15.571
0.74292	15.571
0.74313	15.571
0.74333	15.571
0.74354	15.714
0.74375	15.714
0.74396	15.571
0.74417	15.571
0.74437	15.714
0.74458	15.571
0.74479	15.571
0.745	15.429
0.74521	15.714
0.74542	15.714
0.74562	15.571
0.74583	15.714
0.74604	15.714
0.74625	15.143
0.74646	15.571
0.74667	15.571
0.74688	15.571
0.74708	15.714
0.74729	15.714
0.7475	15.714
0.74771	15.571
0.74792	15.571
0.74812	15.571
0.74833	16
0.74854	15.571
0.74875	15.714
0.74896	15.714
0.74917	15.714
0.74938	15.714
0.74958	15.714
0.74979	15.714
0.75	15.857
0.75021	15.571
0.75042	15.714
0.75083	15.714
0.75104	15.714
0.75125	15.571
0.75146	15.857
0.75167	15.857
0.75188	15.714
0.75188	15.714
0.75229	15.714
0.7525	15.714
0.75271	15.714
0.75292	15.714
0.75312	15.714
0.75333	15.857
0.75354	15.714
0.75375	15.857
0.75396	15.857
0.75417	15.714
0.75438	15.714
0.75458	15.857
0.75479	15.714
0.755	15.714
0.75521	15.714
0.75542	16
0.75563	16
0.75583	15.857
0.75604	15.857
0.75625	15.857
0.75646	15.857
0.75667	15.714
0.75687	15.857
0.75708	15.857
0.75729	16
0.7575	15.857
0.75771	15.857
0.75792	15.714
0.75813	16
0.75833	15.857
0.75854	16
0.75875	15.714
0.75896	16
0.75917	15.857
0.75938	15.857
0.75958	16
0.75979	16
0.76	15.714
0.76021	16
0.76042	15.857
0.76062	15.857
0.76083	15.714
0.76104	15.857
0.76125	16
0.76146	16
0.76167	15.857
0.76187	15.714
0.76208	15.857
0.76229	15.857
0.7625	16
0.76271	16
0.76292	16
0.76313	15.857
0.76333	16
0.76354	16
0.76375	16
0.76396	16
0.76417	16
0.76437	16
0.76458	16
0.76479	16
0.765	16
0.76521	16
0.76542	16.143
0.76562	15.857
0.76583	16
0.76604	16
0.76625	16
0.76646	16
0.76667	16.143
0.76688	16
0.76708	16
0.76729	16.143
0.7675	16.143
0.76771	16
0.76792	16.143
0.76812	16
0.76833	16.143
0.76854	16
0.76875	16.143
0.76896	16.143
0.76917	16
0.76938	15.857
0.76958	16.143
0.76979	16.143
0.77	16
0.77021	16
0.77042	15.857
0.77063	16.143
0.77083	16.143
0.77104	16
0.77125	16
0.77146	16.143
0.77167	16
0.77187	16
0.77208	16
0.77229	16.143
0.7725	16.143
0.77271	16.143
0.77292	16.143
0.77312	16.143
0.77333	16
0.77354	16.143
0.77375	16.143
0.77396	16.143
0.77417	16.143
0.77438	16.143
0.77458	16.143
0.77479	16.143
0.775	16.143
0.77521	16.143
0.77542	16.143
0.77562	16.143
0.77583	16.143
0.77604	16
0.77625	16.143
0.77646	16.143
0.77667	16.143
0.77687	16.143
0.77708	16.429
0.7775	16.143
0.77771	16
0.77792	16.143
0.77813	16.286
0.77833	16.286
0.77854	16.143
0.77875	16.286
0.77896	16.143
0.77917	16.143
0.77937	16.286
0.77958	16.286
0.77979	16.143
0.78	16.286
0.78021	16.143
0.78042	16.286
0.78063	16.143
0.78083	16
0.78104	16.143
0.78125	16.286
0.78146	16.143
0.78167	16.429
0.78187	16.286
0.78208	16.286
0.78229	16.286
0.7825	16.286
0.78271	16.143
0.78292	16.143
0.78313	16.286
0.78333	16.286
0.78354	16.143
0.78375	16.286
0.78396	16.286
0.78417	16.286
0.78437	16.143
0.78458	16.429
0.78479	16.143
0.785	16.143
0.78521	16.286
0.78542	16.286
0.78563	16.143
0.78583	16.429
0.78604	16.286
0.78625	16.286
0.78646	16.286
0.78667	16.286
0.78688	16.286
0.78708	16.143
0.78729	16.286
0.7875	16.286
0.78771	16.429
0.78792	16.143
0.78812	16.286
0.78854	16.429
0.78854	16.286
0.78875	16.286
0.78896	16.286
0.78917	16.286
0.78938	16.286
0.78958	16.286
0.78979	16.429
0.79	16.286
0.79021	16.286
0.79042	16.286
0.79063	16.286
0.79083	16.286
0.79104	16.429
0.79125	16.429
0.79146	16.429
0.79167	16.286
0.79187	16.429
0.79208	16.429
0.7925	16.429
0.7925	16.286
0.79292	16.429
0.79292	16.429
0.79312	16.429
0.79333	16.429
0.79354	16.429
0.79375	16.286
0.79417	16.286
0.79417	16.429
0.79438	16.429
0.79458	16.429
0.79479	16.286
0.795	16.429
0.79521	16.429
0.79542	16.429
0.79562	16.429
0.79583	16.429
0.79604	16.429
0.79625	16.429
0.79646	16.429
0.79667	16.429
0.79688	16.571
0.79708	16.429
0.79729	16.429
0.7975	16.571
0.79771	16.571
0.79792	16.429
0.79813	16.429
0.79833	16.429
0.79875	16.429
0.79896	16.429
0.79917	16.429
0.79937	16.429
0.79958	16.429
0.79958	16.429
0.8	16.429
0.8	16.429
0.80042	16.429
0.80042	16.571
0.80083	16.571
0.80083	16.429
0.80125	16.429
0.80125	16.429
0.80167	16.571
0.80188	16.714
0.80208	16.429
0.80229	16.571
0.8025	16.429
0.80271	16.571
0.80292	16.571
0.80312	16.429
0.80333	16.429
0.80354	16.429
0.80375	16.571
0.80396	16.571
0.80417	16.429
0.80437	16.571
0.80458	16.429
0.80479	16.571
0.805	16.429
0.80521	16.429
0.80542	16.571
0.80563	16.286
0.80583	16.571
0.80604	16.571
0.80625	16.429
0.80646	16.429
0.80667	16.286
0.80687	16.429
0.80708	16.429
0.80729	16.714
0.8075	16.571
0.80771	16.571
0.80792	16.571
0.80812	16.714
0.80833	16.714
0.80854	16.714
0.80875	16.571
0.80896	16.571
0.80938	16.571
0.80938	16.571
0.80979	16.571
0.80979	16.571
0.81021	16.571
0.81021	16.571
0.81042	16.571
0.81062	16.714
0.81083	16.714
0.81104	16.571
0.81125	16.714
0.81146	16.571
0.81167	16.571
0.81208	16.714
0.81208	16.571
0.8125	16.857
0.8125	16.571
0.81292	16.571
0.81292	16.429
0.81333	16.714
0.81333	16.571
0.81375	16.714
0.81375	16.714
0.81417	16.714
0.81417	16.714
0.81458	16.571
0.81458	16.714
0.815	16.714
0.815	16.571
0.81542	16.714
0.81542	16.714
0.81562	16.714
0.81583	16.571
0.81604	16.571
0.81625	16.714
0.81646	16.714
0.81688	16.714
0.81688	16.714
0.81729	16.714
0.81729	16.571
0.81771	16.857
0.81771	16.714
0.81792	16.714
0.81813	16.571
0.81854	16.714
0.81854	16.857
0.81896	16.714
0.81896	16.714
0.81937	16.857
0.81937	16.571
0.81979	16.714
0.82	16.714
0.82021	16.857
0.82042	16.714
0.82063	16.714
0.82083	16.714
0.82083	16.714
0.82125	16.571
0.82146	16.857
0.82167	16.714
0.82188	16.857
0.82208	16.857
0.82229	16.857
0.8225	16.857
0.82271	16.857
0.82292	16.857
0.82312	16.857
0.82333	16.714
0.82354	16.714
0.82375	16.714
0.82396	16.714
0.82417	16.857
0.82437	16.857
0.82458	16.714
0.82479	16.857
0.825	16.857
0.82521	16.714
0.82542	16.857
0.82563	16.857
0.82583	16.857
0.82604	16.857
0.82625	16.857
0.82646	16.857
0.82667	16.857
0.82687	16.857
0.82708	16.714
0.82729	16.857
0.8275	16.714
0.82771	17
0.82792	17
0.82812	17
0.82833	16.714
0.82854	16.857
0.82875	16.857
0.82896	17
0.82917	16.857
0.82938	17
0.82958	16.857
0.82979	17
0.83	17
0.83021	16.857
0.83042	16.857
0.83062	17
0.83083	16.857
0.83104	16.857
0.83125	16.857
0.83146	17
0.83167	17
0.83208	17
0.83208	17
0.8325	17.143
0.8325	16.857
0.83292	16.857
0.83292	17
0.83333	16.857
0.83333	16.857
0.83375	17
0.83375	17
0.83417	16.857
0.83417	16.857
0.83458	16.857
0.83458	17
0.835	17
0.835	16.857
0.83542	17
0.83542	17.143
0.83583	17
0.83583	17
0.83625	17.143
0.83646	17.143
0.83667	17.143
0.83688	17
0.83688	16.857
0.83729	17
0.83729	17
0.83771	17
0.83771	17.143
0.83812	16.857
0.83812	17
0.83854	16.857
0.83854	17
0.83896	17
0.83896	16.857
0.83937	16.857
0.83937	17
0.83979	16.857
0.83979	17.143
0.84021	17
0.84021	17.143
0.84063	17
0.84083	17.143
0.84104	17
0.84125	17
0.84146	17
0.84167	17
0.84187	17
0.84208	17.143
0.84229	17
0.8425	17
0.84271	17
0.84292	17.143
0.84313	16.857
0.84333	17
0.84354	17.143
0.84375	17.143
0.84396	17.143
0.84417	17.143
0.84437	17.143
0.84458	17
0.84479	17.143
0.845	17.143
0.84521	16.714
0.84542	17.143
0.84563	17
0.84583	17.143
0.84604	17.286
0.84625	17.143
0.84646	17
0.84667	17
0.84687	17.143
0.84708	17.143
0.84729	17.143
0.8475	17.143
0.84771	17.429
0.84792	17.286
0.84813	17.143
0.84833	17.286
0.84854	17.143
0.84875	17.286
0.84896	17.286
0.84917	17
0.84938	17.286
0.84958	17.143
0.84979	17.143
0.85	17.143
0.85021	17.286
0.85042	17.286
0.85062	17.286
0.85083	17.143
0.85104	17.286
0.85125	17.286
0.85146	17.143
0.85167	17.286
0.85188	17.143
0.85208	17
0.85229	17.143
0.8525	17.286
0.85271	17.286
0.85292	17.143
0.85313	17.143
0.85333	17.143
0.85354	17.143
0.85375	17.143
0.85396	17.143
0.85417	17.143
0.85437	17.143
0.85458	17
0.85479	17.286
0.855	17.286
0.85521	17
0.85542	17.143
0.85562	17.286
0.85583	17.143
0.85604	17.286
0.85625	17.286
0.85646	17.286
0.85667	17.286
0.85688	17.143
0.85708	17.286
0.85729	17.286
0.8575	17.286
0.85771	17.143
0.85812	17.143
0.85812	17.286
0.85854	17.286
0.85854	17.429
0.85896	17.286
0.85896	17.286
0.85938	17.286
0.85938	17.286
0.85979	17.286
0.85979	17.286
0.86021	17.286
0.86021	17.286
0.86063	17.286
0.86083	17.429
0.86104	17.286
0.86125	17.429
0.86146	17.286
0.86167	17.286
0.86187	17.286
0.86208	17.286
0.86229	17.286
0.8625	17.429
0.86271	17.286
0.86292	17.429
0.86313	17.429
0.86333	17.429
0.86354	17.286
0.86375	17.286
0.86396	17.286
0.86417	17.429
0.86438	17.286
0.86458	17.286
0.86479	17.429
0.865	17.286
0.86521	17.429
0.86542	17.286
0.86562	17.286
0.86583	17.286
0.86604	17.286
0.86625	17.286
0.86646	17.429
0.86667	17.429
0.86687	17.429
0.86708	17.429
0.86729	17.429
0.8675	17.429
0.86771	17.429
0.86792	17.429
0.86813	17.429
0.86833	17.429
0.86854	17.429
0.86875	17.429
0.86896	17.571
0.86917	17.429
0.86937	17.286
0.86958	17.429
0.86979	17.429
0.87	17.429
0.87021	17.286
0.87042	17.429
0.87062	17.571
0.87083	17.429
0.87104	17.429
0.87125	17.429
0.87146	17.429
0.87167	17.429
0.87188	17.429
0.87208	17.286
0.87229	17.429
0.8725	17.429
0.87271	17.429
0.87292	17.429
0.87312	17.429
0.87333	17.429
0.87354	17.429
0.87375	17.286
0.87396	17.429
0.87417	17.429
0.87438	17.286
0.87458	17.286
0.87479	17.429
0.875	17.429
0.87521	17.429
0.87542	17.571
0.87562	17.429
0.87583	17.429
0.87604	17.429
0.87625	17.429
0.87646	17.429
0.87667	17.429
0.87688	17.429
0.87708	17.571
0.87729	17.429
0.8775	17.429
0.87771	17.429
0.87792	17.429
0.87812	17.429
0.87833	17.429
0.87854	17.429
0.87875	17.429
0.87896	17.429
0.87917	17.571
0.87938	17.429
0.87958	17.429
0.87979	17.571
0.88	17.429
0.88021	17.429
0.88042	17.429
0.88063	17.429
0.88083	17.429
0.88104	17.429
0.88125	17.429
0.88146	17.429
0.88167	17.429
0.88187	17.429
0.88208	17.429
0.88229	17.429
0.88271	17.429
0.88271	17.429
0.88313	17.429
0.88313	17.571
0.88354	17.429
0.88354	17.571
0.88396	17.429
0.88396	17.429
0.88417	17.571
0.88438	17.571
0.88479	17.571
0.885	17.571
0.88521	17.429
0.88542	17.571
0.88562	17.429
0.88583	17.571
0.88604	17.571
0.88625	17.571
0.88646	17.571
0.88667	17.571
0.88687	17.571
0.88708	17.571
0.88729	17.714
0.8875	17.571
0.88771	17.571
0.88792	17.571
0.88813	17.571
0.88833	17.571
0.88854	17.571
0.88875	17.571
0.88896	17.714
0.88917	17.571
0.88937	17.571
0.88958	17.571
0.88979	17.571
0.89	17.571
0.89021	17.714
0.89042	17.429
0.89062	17.571
0.89083	17.571
0.89104	17.571
0.89125	17.857
0.89146	17.571
0.89167	17.714
0.89188	17.571
0.89208	17.429
0.89229	17.571
0.8925	17.571
0.89271	17.571
0.89292	17.571
0.89312	17.571
0.89333	17.571
0.89354	17.714
0.89375	17.571
0.89396	17.571
0.89417	17.714
0.89438	17.571
0.89458	17.714
0.89479	17.857
0.895	17.714
0.89521	17.571
0.89542	17.714
0.89563	17.571
0.89583	17.571
0.89604	17.571
0.89625	17.571
0.89646	17.571
0.89667	17.571
0.89687	17.571
0.89708	17.571
0.89729	17.714
0.8975	17.571
0.89771	17.571
0.89792	17.571
0.89812	17.571
0.89833	17.571
0.89854	17.571
0.89875	17.571
0.89896	17.571
0.89917	17.714
0.89938	17.571
0.89958	17.714
0.89979	17.571
0.9	17.571
0.90021	17.571
0.90042	17.714
0.90062	17.857
0.90083	17.571
0.90104	17.571
0.90125	17.571
0.90146	17.714
0.90167	17.571
0.90187	17.714
0.90208	17.714
0.90229	17.714
0.9025	17.714
0.90271	17.571
0.90292	17.714
0.90313	17.714
0.90354	17.714
0.90354	17.571
0.90396	17.571
0.90396	17.857
0.90437	17.571
0.90437	17.857
0.90479	17.714
0.90479	17.714
0.90521	17.571
0.90542	17.571
0.90542	17.571
0.90583	18
0.90583	17.714
0.90625	17.714
0.90625	17.857
0.90667	17.857
0.90667	17.857
0.90708	17.714
0.90708	17.714
0.9075	17.714
0.9075	17.714
0.90792	17.714
0.90792	17.714
0.90833	18
0.90833	17.857
0.90875	17.571
0.90875	17.857
0.90917	17.714
0.90917	18
0.90958	17.857
0.90958	17.714
0.91	17.857
0.91021	18
0.91042	17.857
0.91063	18
0.91063	17.857
0.91104	17.857
0.91104	17.857
0.91146	18
0.91167	17.857
0.91188	18
0.91208	18
0.91229	18
0.9125	18
0.91271	18
0.91292	18.143
0.91312	18
0.91333	18
0.91354	17.714
0.91375	17.714
0.91396	18
0.91417	18
0.91438	17.857
0.91458	17.857
0.91479	17.857
0.915	17.857
0.91521	18
0.91563	18
0.91563	18
0.91604	18
0.91604	18
0.91625	18
0.91646	17.857
0.91667	17.857
0.91687	17.857
0.91708	18
0.91729	18.143
0.9175	18
0.91771	18
0.91792	17.857
0.91812	17.857
0.91833	18
0.91854	18
0.91875	18
0.91896	18
0.91917	17.857
0.91938	18
0.91958	18
0.91979	18
0.92	17.857
0.92042	18
0.92042	18
0.92083	18
0.92083	18
0.92125	18
0.92125	18
0.92146	18
0.92167	18
0.92188	18
0.92208	18
0.92229	18
0.9225	18
0.92271	18
0.92292	18
0.92313	18
0.92333	18
0.92354	18
0.92375	18
0.92396	18
0.92417	18
0.92458	18
0.92479	18
0.925	18.143
0.92521	18
0.92542	18.143
0.92563	18
0.92583	18
0.92604	18
0.92625	18
0.92646	18
0.92667	18.286
0.92667	18
0.92708	18
0.92708	18
0.9275	18
0.9275	18
0.92792	18.143
0.92792	18
0.92833	18
0.92854	18
0.92875	18
0.92896	18.143
0.92917	18.286
0.92937	18.143
0.92958	18.143
0.92979	18.143
0.93	18
0.93021	18.143
0.93042	18
0.93063	18.143
0.93083	18.143
0.93104	18
0.93125	18
0.93146	18
0.93167	18
0.93187	18.143
0.93187	18
0.93229	18.286
0.93229	18.143
0.93271	18.143
0.93271	18.143
0.93312	18.143
0.93333	18.143
0.93354	18.143
0.93375	18.143
0.93396	18.143
0.93417	18.286
0.93438	18
0.93458	18
0.93479	18.143
0.935	18.286
0.93521	18.143
0.93542	18.143
0.93562	18.286
0.93583	18.429
0.93604	18.286
0.93625	18.286
0.93646	18.143
0.93667	18.143
0.93688	18.143
0.93708	18.286
0.93729	18.143
0.9375	18.143
0.93771	18
0.93792	18
0.93812	18.286
0.93833	18.143
0.93875	18.143
0.93875	18.143
0.93896	18.571
0.93917	18
0.93938	18.429
0.93958	18.143
0.93979	18.286
0.94	18.286
0.94042	18.143
0.94042	18.143
0.94083	18.143
0.94083	18
0.94125	18.143
0.94125	18.286
0.94167	18.286
0.94167	18.286
0.94208	18.286
0.94208	18.429
0.9425	18.286
0.9425	18.286
0.94271	18.286
0.94292	18.286
0.94313	18.286
0.94333	18.286
0.94354	18.286
0.94375	18.143
0.94396	18.143
0.94417	18.429
0.94437	18.143
0.94458	18.143
0.94479	18.286
0.94521	18.286
0.94542	18.143
0.94563	18.286
0.94583	18.286
0.94604	18.429
0.94625	18.286
0.94646	18.286
0.94667	18.429
0.94688	18.143
0.94708	18.143
0.94729	18.286
0.9475	18.429
0.94771	18.429
0.94792	18.143
0.94812	18.286
0.94833	18.143
0.94854	18.429
0.94875	18.286
0.94896	18.286
0.94917	18.143
0.94937	18.286
0.94958	18.286
0.94979	18.286
0.95	18.286
0.95021	18.286
0.95042	18.429
0.95063	18.143
0.95083	18.429
0.95104	18.286
0.95125	18.429
0.95146	18.429
0.95167	18.286
0.95187	18.286
0.95208	18.429
0.95229	18.286
0.9525	18.286
0.95271	18.286
0.95292	18.571
0.95312	18.429
0.95333	18.429
0.95354	18.429
0.95375	18.429
0.95396	18.429
0.95417	18.429
0.95438	18.429
0.95458	18.429
0.95479	18.429
0.955	18.429
0.95521	18.429
0.95542	18.571
0.95562	18.429
0.95583	18.429
0.95604	18.429
0.95625	18.571
0.95646	18.429
0.95667	18.571
0.95688	18.429
0.95688	18.429
0.95708	18.429
0.95729	18.429
0.9575	18.429
0.95771	18.571
0.95792	18.429
0.95813	18.429
0.95833	18.429
0.95854	18.429
0.95875	18.571
0.95896	18.571
0.95917	18.571
0.95937	18.429
0.95958	18.429
0.95979	18.571
0.96	18.571
0.96021	18.429
0.96042	18.429
0.96062	18.429
0.96083	18.429
0.96104	18.429
0.96125	18.429
0.96146	18.429
0.96167	18.429
0.96188	18.429
0.96208	18.429
0.96229	18.429
0.9625	18.429
0.96271	18.429
0.96292	18.429
0.96312	18.571
0.96333	18.429
0.96354	18.571
0.96375	18.429
0.96396	18.429
0.96417	18.429
0.96437	18.571
0.96458	18.714
0.96479	18.857
0.965	18.429
0.96542	18.714
0.96542	18.714
0.96583	18.714
0.96583	18.429
0.96625	18.571
0.96646	18.571
0.96667	18.714
0.96687	18.429
0.96708	18.571
0.96729	18.571
0.9675	18.714
0.96771	18.714
0.96792	18.571
0.96813	18.429
0.96833	18.571
0.96854	18.429
0.96875	18.571
0.96896	18.571
0.96917	18.429
0.96937	18.714
0.96958	18.571
0.96979	18.714
0.97	18.429
0.97021	18.714
0.97042	18.571
0.97063	18.571
0.97083	18.429
0.97104	18.714
0.97125	18.571
0.97146	18.714
0.97167	18.429
0.97187	18.571
0.97208	18.714
0.97229	18.571
0.9725	18.571
0.97271	18.571
0.97292	18.714
0.97313	18.571
0.97333	18.714
0.97354	18.571
0.97375	18.714
0.97396	18.571
0.97417	18.571
0.97438	18.571
0.97458	18.714
0.97479	18.857
0.975	18.714
0.97521	18.714
0.97542	18.714
0.97562	18.571
0.97583	18.571
0.97604	18.714
0.97625	18.714
0.97646	18.571
0.97667	18.857
0.97688	18.714
0.97708	18.714
0.97729	18.714
0.9775	18.857
0.97771	18.714
0.97792	18.714
0.97813	18.857
0.97833	18.857
0.97854	18.714
0.97875	18.714
0.97896	18.857
0.97917	18.857
0.97937	18.857
0.97958	18.714
0.97979	18.857
0.98	18.857
0.98021	18.714
0.98042	18.857
0.98062	18.857
0.98083	18.571
0.98104	18.857
0.98125	18.714
0.98146	18.714
0.98167	18.857
0.98188	18.857
0.98208	18.857
0.98229	18.857
0.9825	18.714
0.98271	18.857
0.98292	18.857
0.98312	18.857
0.98333	18.714
0.98354	18.857
0.98375	18.857
0.98396	18.857
0.98417	18.857
0.98438	18.857
0.98458	18.857
0.98479	18.857
0.985	18.714
0.98521	18.714
0.98542	19
0.98563	18.857
0.98583	18.857
0.98604	18.857
0.98625	19
0.98646	18.857
0.98667	18.857
0.98687	18.714
0.98708	18.714
0.98729	18.857
0.9875	19
0.98771	18.857
0.98792	18.857
0.98813	18.857
0.98833	19
0.98875	18.857
0.98875	19
0.98917	18.857
0.98917	18.857
0.98958	18.857
0.98958	19
0.99	18.857
0.99	18.857
0.99021	18.857
0.99042	19
0.99062	18.857
0.99083	18.857
0.99104	19
0.99125	18.857
0.99146	18.857
0.99187	19
0.99208	19
0.99229	18.857
0.9925	18.857
0.99271	19
0.99292	19
0.99313	19
0.99333	18.857
0.99354	18.857
0.99375	18.857
0.99396	18.857
0.99417	18.857
0.99437	19
0.99458	19
0.99479	19
0.995	19
0.99521	19
0.99542	19.143
0.99562	19
0.99583	19.143
0.99604	19
0.99625	19
0.99646	18.857
0.99667	18.857
0.99688	18.857
0.99708	19
0.99729	19
0.9975	19
0.99771	19
0.99792	19
0.99812	19
0.99833	19
0.99854	19
0.99875	19
0.99896	19
0.99917	19
0.99938	19
0.99958	19
